        1.0000000000         0.0000000000
      316.2300000000         0.0000000000
      316.9600000000         0.0000000000
      317.6900000000         0.0000000000
      318.4200000000         0.0000000000
      319.1500000000         0.0000000000
      319.8900000000         0.0000000000
      320.6300000000         0.0000000000
      321.3700000000         0.0000000000
      322.1100000000         0.0000000000
      322.8500000000         0.0000000000
      323.5900000000         0.0000000000
      324.3400000000         0.0000000000
      325.0900000000         0.0000000000
      325.8400000000         0.0000000000
      326.5900000000         0.0000000000
      327.3400000000         0.0000000000
      328.1000000000         0.0000000000
      328.8500000000         0.0000000000
      329.6100000000         0.0000000000
      330.3700000000         0.0000000000
      331.1300000000         0.0000000000
      331.8900000000         0.0000000000
      332.6600000000         0.0000000000
      333.4300000000         0.0000000000
      334.1900000000         0.0000000000
      334.9700000000         0.0000000000
      335.7400000000         0.0000000000
      336.5100000000         0.0000000000
      337.2900000000         0.0000000000
      338.0600000000         0.0000000000
      338.8400000000         0.0000000000
      339.6300000000         0.0000000000
      340.4100000000         0.0000000000
      341.1900000000         0.0000000000
      341.9800000000         0.0000000000
      342.7700000000         0.0000000000
      343.5600000000         0.0000000000
      344.3500000000         0.0000000000
      345.1400000000         0.0000000000
      345.9400000000         0.0000000000
      346.7400000000         0.0000000000
      347.5400000000         0.0000000000
      348.3400000000         0.0000000000
      349.1400000000         0.0000000000
      349.9500000000         0.0000000000
      350.7500000000         0.0000000000
      351.5600000000         0.0000000000
      352.3700000000         0.0000000000
      353.1800000000         0.0000000000
      354.0000000000         0.0000000000
      354.8100000000         0.0000000000
      355.6300000000         0.0000000000
      356.4500000000         0.0000000000
      357.2700000000         0.0000000000
      358.1000000000         0.0000000000
      358.9200000000         0.0000000000
      359.7500000000         0.0000000000
      360.5800000000         0.0000000000
      361.4100000000         0.0000000000
      362.2400000000         0.0000000000
      363.0800000000         0.0000000000
      363.9200000000         0.0000000000
      364.7500000000         0.0000000000
      365.5900000000         0.0000000000
      366.4400000000         0.0000000000
      367.2800000000         0.0000000000
      368.1300000000         0.0000000000
      368.9800000000         0.0000000000
      369.8300000000         0.0000000000
      370.6800000000         0.0000000000
      371.5400000000         0.0000000000
      372.3900000000         0.0000000000
      373.2500000000         0.0000000000
      374.1100000000         0.0000000000
      374.9700000000         0.0000000000
      375.8400000000         0.0000000000
      376.7000000000         0.0000000000
      377.5700000000         0.0000000000
      378.4400000000         0.0000000000
      379.3100000000         0.0000000000
      380.1900000000         0.0000000000
      381.0700000000         0.0000000000
      381.9400000000         0.0000000000
      382.8200000000         0.0000000000
      383.7100000000         0.0000000000
      384.5900000000         0.0000000000
      385.4800000000         0.0000000000
      386.3700000000         0.0000000000
      387.2600000000         0.0000000000
      388.1500000000         0.0000000000
      389.0500000000         0.0000000000
      389.9400000000         0.0000000000
      390.8400000000         0.0000000000
      391.7400000000         0.0000000000
      392.6500000000         0.0000000000
      393.5500000000         0.0000000000
      394.4600000000         0.0000000000
      395.3700000000         0.0000000000
      396.2800000000         0.0000000000
      397.1900000000         0.0000000000
      398.1100000000         0.0000000000
      399.0200000000         0.0000000000
      399.9400000000         0.0000000000
      400.8700000000         0.0000000000
      401.7900000000         0.0000000000
      402.7200000000         0.0000000000
      403.6500000000         0.0000000000
      404.5800000000         0.0000000000
      405.5100000000         0.0000000000
      406.4400000000         0.0000000000
      407.3800000000         0.0000000000
      408.3200000000         0.0000000000
      409.2600000000         0.0000000000
      410.2000000000         0.0000000000
      411.1500000000         0.0000000000
      412.1000000000         0.0000000000
      413.0500000000         0.0000000000
      414.0000000000         0.0000000000
      414.9500000000         0.0000000000
      415.9100000000         0.0000000000
      416.8700000000         0.0000000000
      417.8300000000         0.0000000000
      418.7900000000         0.0000000000
      419.7600000000         0.0000000000
      420.7300000000         0.0000000000
      421.7000000000         0.0000000000
      422.6700000000         0.0000000000
      423.6400000000         0.0000000000
      424.6200000000         0.0000000000
      425.6000000000         0.0000000000
      426.5800000000         0.0000000000
      427.5600000000         0.0000000000
      428.5500000000         0.0000000000
      429.5400000000         0.0000000000
      430.5300000000         0.0000000000
      431.5200000000         0.0000000000
      432.5100000000         0.0000000000
      433.5100000000         0.0000000000
      434.5100000000         0.0000000000
      435.5100000000         0.0000000000
      436.5200000000         0.0000000000
      437.5200000000         0.0000000000
      438.5300000000         0.0000000000
      439.5400000000         0.0000000000
      440.5500000000         0.0000000000
      441.5700000000         0.0000000000
      442.5900000000         0.0000000000
      443.6100000000         0.0000000000
      444.6300000000         0.0000000000
      445.6600000000         0.0000000000
      446.6800000000         0.0000000000
      447.7100000000         0.0000000000
      448.7500000000         0.0000000000
      449.7800000000         0.0000000000
      450.8200000000         0.0000000000
      451.8600000000         0.0000000000
      452.9000000000         0.0000000000
      453.9400000000         0.0000000000
      454.9900000000         0.0000000000
      456.0400000000         0.0000000000
      457.0900000000         0.0000000000
      458.1400000000         0.0000000000
      459.2000000000         0.0000000000
      460.2600000000         0.0000000000
      461.3200000000         0.0000000000
      462.3800000000         0.0000000000
      463.4500000000         0.0000000000
      464.5200000000         0.0000000000
      465.5900000000         0.0000000000
      466.6600000000         0.0000000000
      467.7400000000         0.0000000000
      468.8100000000         0.0000000000
      469.8900000000         0.0000000000
      470.9800000000         0.0000000000
      472.0600000000         0.0000000000
      473.1500000000         0.0000000000
      474.2400000000         0.0000000000
      475.3400000000         0.0000000000
      476.4300000000         0.0000000000
      477.5300000000         0.0000000000
      478.6300000000         0.0000000000
      479.7300000000         0.0000000000
      480.8400000000         0.0000000000
      481.9500000000         0.0000000000
      483.0600000000         0.0000000000
      484.1700000000         0.0000000000
      485.2900000000         0.0000000000
      486.4100000000         0.0000000000
      487.5300000000         0.0000000000
      488.6500000000         0.0000000000
      489.7800000000         0.0000000000
      490.9100000000         0.0000000000
      492.0400000000         0.0000000000
      493.1700000000         0.0000000000
      494.3100000000         0.0000000000
      495.4500000000         0.0000000000
      496.5900000000         0.0000000000
      497.7400000000         0.0000000000
      498.8800000000         0.0000000000
      500.0300000000         0.0000000000
      501.1900000000         0.0000000000
      502.3400000000         0.0000000000
      503.5000000000         0.0000000000
      504.6600000000         0.0000000000
      505.8200000000         0.0000000000
      506.9900000000         0.0000000000
      508.1600000000         0.0000000000
      509.3300000000         0.0000000000
      510.5000000000         0.0000000000
      511.6800000000         0.0000000000
      512.8600000000         0.0000000000
      514.0400000000         0.0000000000
      515.2300000000         0.0000000000
      516.4200000000         0.0000000000
      517.6100000000         0.0000000000
      518.8000000000         0.0000000000
      520.0000000000         0.0000000000
      521.1900000000         0.0000000000
      522.4000000000         0.0000000000
      523.6000000000         0.0000000000
      524.8100000000         0.0000000000
      526.0200000000         0.0000000000
      527.2300000000         0.0000000000
      528.4500000000         0.0000000000
      529.6600000000         0.0000000000
      530.8800000000         0.0000000000
      532.1100000000         0.0000000000
      533.3300000000         0.0000000000
      534.5600000000         0.0000000000
      535.8000000000         0.0000000000
      537.0300000000         0.0000000000
      538.2700000000         0.0000000000
      539.5100000000         0.0000000000
      540.7500000000         0.0000000000
      542.0000000000         0.0000000000
      543.2500000000         0.0000000000
      544.5000000000         0.0000000000
      545.7600000000         0.0000000000
      547.0200000000         0.0000000000
      548.2800000000         0.0000000000
      549.5400000000         0.0000000000
      550.8100000000         0.0000000000
      552.0800000000         0.0000000000
      553.3500000000         0.0000000000
      554.6300000000         0.0000000000
      555.9000000000         0.0000000000
      557.1900000000         0.0000000000
      558.4700000000         0.0000000000
      559.7600000000         0.0000000000
      561.0500000000         0.0000000000
      562.3400000000         0.0000000000
      563.6400000000         0.0000000000
      564.9400000000         0.0000000000
      566.2400000000         0.0000000000
      567.5400000000         0.0000000000
      568.8500000000         0.0000000000
      570.1600000000         0.0000000000
      571.4800000000         0.0000000000
      572.8000000000         0.0000000000
      574.1200000000         0.0000000000
      575.4400000000         0.0000000000
      576.7700000000         0.0000000000
      578.1000000000         0.0000000000
      579.4300000000         0.0000000000
      580.7600000000         0.0000000000
      582.1000000000         0.0000000000
      583.4500000000         0.0000000000
      584.7900000000         0.0000000000
      586.1400000000         0.0000000000
      587.4900000000         0.0000000000
      588.8400000000         0.0000000000
      590.2000000000         0.0000000000
      591.5600000000         0.0000000000
      592.9300000000         0.0000000000
      594.2900000000         0.0000000000
      595.6600000000         0.0000000000
      597.0400000000         0.0000000000
      598.4100000000         0.0000000000
      599.7900000000         0.0000000000
      601.1700000000         0.0000000000
      602.5600000000         0.0000000000
      603.9500000000         0.0000000000
      605.3400000000         0.0000000000
      606.7400000000         0.0000000000
      608.1300000000         0.0000000000
      609.5400000000         0.0000000000
      610.9400000000         0.0000000000
      612.3500000000         0.0000000000
      613.7600000000         0.0000000000
      615.1800000000         0.0000000000
      616.5900000000         0.0000000000
      618.0200000000         0.0000000000
      619.4400000000         0.0000000000
      620.8700000000         0.0000000000
      622.3000000000         0.0000000000
      623.7300000000         0.0000000000
      625.1700000000         0.0000000000
      626.6100000000         0.0000000000
      628.0600000000         0.0000000000
      629.5100000000         0.0000000000
      630.9600000000         0.0000000000
      632.4100000000         0.0000000000
      633.8700000000         0.0000000000
      635.3300000000         0.0000000000
      636.8000000000         0.0000000000
      638.2600000000         0.0000000000
      639.7300000000         0.0000000000
      641.2100000000         0.0000000000
      642.6900000000         0.0000000000
      644.1700000000         0.0000000000
      645.6500000000         0.0000000000
      647.1400000000         0.0000000000
      648.6300000000         0.0000000000
      650.1300000000         0.0000000000
      651.6300000000         0.0000000000
      653.1300000000         0.0000000000
      654.6400000000         0.0000000000
      656.1500000000         0.0000000000
      657.6600000000         0.0000000000
      659.1700000000         0.0000000000
      660.6900000000         0.0000000000
      662.2200000000         0.0000000000
      663.7400000000         0.0000000000
      665.2700000000         0.0000000000
      666.8100000000         0.0000000000
      668.3400000000         0.0000000000
      669.8800000000         0.0000000000
      671.4300000000         0.0000000000
      672.9800000000         0.0000000000
      674.5300000000         0.0000000000
      676.0800000000         0.0000000000
      677.6400000000         0.0000000000
      679.2000000000         0.0000000000
      680.7700000000         0.0000000000
      682.3400000000         0.0000000000
      683.9100000000         0.0000000000
      685.4900000000         0.0000000000
      687.0700000000         0.0000000000
      688.6500000000         0.0000000000
      690.2400000000         0.0000000000
      691.8300000000         0.0000000000
      693.4300000000         0.0000000000
      695.0200000000         0.0000000000
      696.6300000000         0.0000000000
      698.2300000000         0.0000000000
      699.8400000000         0.0000000000
      701.4600000000         0.0000000000
      703.0700000000         0.0000000000
      704.6900000000         0.0000000000
      706.3200000000         0.0000000000
      707.9500000000         0.0000000000
      709.5800000000         0.0000000000
      711.2100000000         0.0000000000
      712.8500000000         0.0000000000
      714.5000000000         0.0000000000
      716.1400000000         0.0000000000
      717.7900000000         0.0000000000
      719.4500000000         0.0000000000
      721.1100000000         0.0000000000
      722.7700000000         0.0000000000
      724.4400000000         0.0000000000
      726.1100000000         0.0000000000
      727.7800000000         0.0000000000
      729.4600000000         0.0000000000
      731.1400000000         0.0000000000
      732.8200000000         0.0000000000
      734.5100000000         0.0000000000
      736.2100000000         0.0000000000
      737.9000000000         0.0000000000
      739.6100000000         0.0000000000
      741.3100000000         0.0000000000
      743.0200000000         0.0000000000
      744.7300000000         0.0000000000
      746.4500000000         0.0000000000
      748.1700000000         0.0000000000
      749.8900000000         0.0000000000
      751.6200000000         0.0000000000
      753.3600000000         0.0000000000
      755.0900000000         0.0000000000
      756.8300000000         0.0000000000
      758.5800000000         0.0000000000
      760.3300000000         0.0000000000
      762.0800000000         0.0000000000
      763.8400000000         0.0000000000
      765.6000000000         0.0000000000
      767.3600000000         0.0000000000
      769.1300000000         0.0000000000
      770.9000000000         0.0000000000
      772.6800000000         0.0000000000
      774.4600000000         0.0000000000
      776.2500000000         0.0000000000
      778.0400000000         0.0000000000
      779.8300000000         0.0000000000
      781.6300000000         0.0000000000
      783.4300000000         0.0000000000
      785.2400000000         0.0000000000
      787.0500000000         0.0000000000
      788.8600000000         0.0000000000
      790.6800000000         0.0000000000
      792.5000000000         0.0000000000
      794.3300000000         0.0000000000
      796.1600000000         0.0000000000
      797.9900000000         0.0000000000
      799.8300000000         0.0000000000
      801.6800000000         0.0000000000
      803.5300000000         0.0000000000
      805.3800000000         0.0000000000
      807.2400000000         0.0000000000
      809.1000000000         0.0000000000
      810.9600000000         0.0000000000
      812.8300000000         0.0000000000
      814.7000000000         0.0000000000
      816.5800000000         0.0000000000
      818.4600000000         0.0000000000
      820.3500000000         0.0000000000
      822.2400000000         0.0000000000
      824.1400000000         0.0000000000
      826.0400000000         0.0000000000
      827.9400000000         0.0000000000
      829.8500000000         0.0000000000
      831.7600000000         0.0000000000
      833.6800000000         0.0000000000
      835.6000000000         0.0000000000
      837.5300000000         0.0000000000
      839.4600000000         0.0000000000
      841.4000000000         0.0000000000
      843.3300000000         0.0000000000
      845.2800000000         0.0000000000
      847.2300000000         0.0000000000
      849.1800000000         0.0000000000
      851.1400000000         0.0000000000
      853.1000000000         0.0000000000
      855.0700000000         0.0000000000
      857.0400000000         0.0000000000
      859.0100000000         0.0000000000
      860.9900000000         0.0000000000
      862.9800000000         0.0000000000
      864.9700000000         0.0000000000
      866.9600000000         0.0000000000
      868.9600000000         0.0000000000
      870.9600000000         0.0000000000
      872.9700000000         0.0000000000
      874.9800000000         0.0000000000
      877.0000000000         0.0000000000
      879.0200000000         0.0000000000
      881.0500000000         0.0000000000
      883.0800000000         0.0000000000
      885.1200000000         0.0000000000
      887.1600000000         0.0000000000
      889.2000000000         0.0000000000
      891.2500000000         0.0000000000
      893.3100000000         0.0000000000
      895.3600000000         0.0000000000
      897.4300000000         0.0000000000
      899.5000000000         0.0000000000
      901.5700000000         0.0000197120
      903.6500000000         0.0000195906
      905.7300000000         0.0000194720
      907.8200000000         0.0000193582
      909.9100000000         0.0000192451
      912.0100000000         0.0000191325
      914.1100000000         0.0000190204
      916.2200000000         0.0000195967
      918.3300000000         0.0000206675
      920.4500000000         0.0000217306
      922.5700000000         0.0000227861
      924.7000000000         0.0000238344
      926.8300000000         0.0000247596
      928.9700000000         0.0000256555
      931.1100000000         0.0000265447
      933.2500000000         0.0000274276
      935.4100000000         0.0000282506
      937.5600000000         0.0000288381
      939.7200000000         0.0000294213
      941.8900000000         0.0000300001
      944.0600000000         0.0000305747
      946.2400000000         0.0000309740
      948.4200000000         0.0000312406
      950.6000000000         0.0000315050
      952.8000000000         0.0000317673
      954.9900000000         0.0000320276
      957.1900000000         0.0000320739
      959.4000000000         0.0000321188
      961.6100000000         0.0000321632
      963.8300000000         0.0000322068
      966.0500000000         0.0000311116
      968.2800000000         0.0000287574
      970.5100000000         0.0000264197
      972.7500000000         0.0000240979
      974.9900000000         0.0000217911
      977.2400000000         0.0000229876
      979.4900000000         0.0000241915
      981.7500000000         0.0000253868
      984.0100000000         0.0000265739
      986.2800000000         0.0000269670
      988.5500000000         0.0000267517
      990.8300000000         0.0000265375
      993.1200000000         0.0000263246
      995.4100000000         0.0000262491
      997.7000000000         0.0000268060
     1000.0000000000         0.0000273586
     1002.3100000000         0.0000279072
     1004.6200000000         0.0000284516
     1006.9300000000         0.0000286102
     1009.2500000000         0.0000286916
     1011.5800000000         0.0000287720
     1013.9100000000         0.0000288516
     1016.2500000000         0.0000284369
     1018.5900000000         0.0000275752
     1020.9400000000         0.0000267189
     1023.2900000000         0.0000258684
     1025.6500000000         0.0000253424
     1028.0200000000         0.0000256531
     1030.3900000000         0.0000259613
     1032.7600000000         0.0000262671
     1035.1400000000         0.0000266046
     1037.5300000000         0.0000274760
     1039.9200000000         0.0000283409
     1042.3200000000         0.0000291996
     1044.7200000000         0.0000300523
     1047.1300000000         0.0000299148
     1049.5400000000         0.0000296490
     1051.9600000000         0.0000293847
     1054.3900000000         0.0000291219
     1056.8200000000         0.0000285447
     1059.2500000000         0.0000278648
     1061.7000000000         0.0000271891
     1064.1400000000         0.0000265180
     1066.6000000000         0.0000264259
     1069.0500000000         0.0000266423
     1071.5200000000         0.0000268568
     1073.9900000000         0.0000270696
     1076.4700000000         0.0000268269
     1078.9500000000         0.0000262734
     1081.4300000000         0.0000257235
     1083.9300000000         0.0000251771
     1086.4300000000         0.0000252446
     1088.9300000000         0.0000257698
     1091.4400000000         0.0000262911
     1093.9600000000         0.0000268087
     1096.4800000000         0.0000272268
     1099.0100000000         0.0000275745
     1101.5400000000         0.0000279196
     1104.0800000000         0.0000282619
     1106.6200000000         0.0000284947
     1109.1800000000         0.0000286647
     1111.7300000000         0.0000288277
     1114.2900000000         0.0000289893
     1116.8600000000         0.0000286325
     1119.4400000000         0.0000280823
     1122.0200000000         0.0000275358
     1124.6000000000         0.0000269927
     1127.2000000000         0.0000273238
     1129.8000000000         0.0000278086
     1132.4000000000         0.0000282897
     1135.0100000000         0.0000287627
     1137.6300000000         0.0000281589
     1140.2500000000         0.0000275590
     1142.8800000000         0.0000269630
     1145.5100000000         0.0000264017
     1148.1500000000         0.0000259724
     1150.8000000000         0.0000255458
     1153.4500000000         0.0000251217
     1156.1100000000         0.0000247149
     1158.7800000000         0.0000243306
     1161.4500000000         0.0000239486
     1164.1300000000         0.0000235690
     1166.8100000000         0.0000224823
     1169.5000000000         0.0000210606
     1172.2000000000         0.0000196487
     1174.9000000000         0.0000182464
     1177.6100000000         0.0000190664
     1180.3200000000         0.0000199677
     1183.0400000000         0.0000208624
     1185.7700000000         0.0000213474
     1188.5000000000         0.0000208029
     1191.2400000000         0.0000202620
     1193.9900000000         0.0000197246
     1196.7400000000         0.0000191911
     1199.5000000000         0.0000186614
     1202.2600000000         0.0000181351
     1205.0400000000         0.0000176142
     1207.8100000000         0.0000172441
     1210.6000000000         0.0000168764
     1213.3900000000         0.0000165135
     1216.1900000000         0.0000166474
     1218.9900000000         0.0000174306
     1221.8000000000         0.0000182082
     1224.6200000000         0.0000189806
     1227.4400000000         0.0000194552
     1230.2700000000         0.0000198805
     1233.1000000000         0.0000203027
     1235.9500000000         0.0000206019
     1238.8000000000         0.0000206593
     1241.6500000000         0.0000207160
     1244.5100000000         0.0000207722
     1247.3800000000         0.0000207182
     1250.2600000000         0.0000206422
     1253.1400000000         0.0000205664
     1256.0300000000         0.0000205238
     1258.9300000000         0.0000205403
     1261.8300000000         0.0000205565
     1264.7400000000         0.0000205723
     1267.6500000000         0.0000213264
     1270.5700000000         0.0000221484
     1273.5000000000         0.0000229647
     1276.4400000000         0.0000239329
     1279.3800000000         0.0000250583
     1282.3300000000         0.0000261760
     1285.2900000000         0.0000272564
     1288.2500000000         0.0000280593
     1291.2200000000         0.0000288566
     1294.2000000000         0.0000296479
     1297.1800000000         0.0000307579
     1300.1700000000         0.0000319792
     1303.1700000000         0.0000331921
     1306.1700000000         0.0000351616
     1309.1800000000         0.0000383133
     1312.2000000000         0.0000414435
     1315.2200000000         0.0000444931
     1318.2600000000         0.0000467997
     1321.3000000000         0.0000490906
     1324.3400000000         0.0000513645
     1327.3900000000         0.0000531134
     1330.4500000000         0.0000547313
     1333.5200000000         0.0000563371
     1336.6000000000         0.0000589585
     1339.6800000000         0.0000625111
     1342.7700000000         0.0000660393
     1345.8600000000         0.0000687006
     1348.9600000000         0.0000691624
     1352.0700000000         0.0000696203
     1355.1900000000         0.0000701538
     1358.3100000000         0.0000719097
     1361.4400000000         0.0000736532
     1364.5800000000         0.0000753835
     1367.7300000000         0.0000776653
     1370.8800000000         0.0000800167
     1374.0400000000         0.0000823516
     1377.2100000000         0.0000838746
     1380.3800000000         0.0000850426
     1383.5700000000         0.0000862020
     1386.7600000000         0.0000876185
     1389.9500000000         0.0000892412
     1393.1600000000         0.0000908522
     1396.3700000000         0.0000920137
     1399.5900000000         0.0000925787
     1402.8100000000         0.0000931389
     1406.0500000000         0.0000944283
     1409.2900000000         0.0000972364
     1412.5400000000         0.0001000242
     1415.7900000000         0.0001022623
     1419.0600000000         0.0001028436
     1422.3300000000         0.0001034198
     1425.6100000000         0.0001037456
     1428.8900000000         0.0001029915
     1432.1900000000         0.0001022416
     1435.4900000000         0.0001024989
     1438.8000000000         0.0001085019
     1442.1200000000         0.0001142367
     1445.4400000000         0.0001136712
     1448.7700000000         0.0001154629
     1452.1100000000         0.0001193494
     1455.4600000000         0.0001223271
     1458.8100000000         0.0001192517
     1462.1800000000         0.0001161968
     1465.5500000000         0.0001139643
     1468.9300000000         0.0001158752
     1472.3100000000         0.0001177712
     1475.7100000000         0.0001195685
     1479.1100000000         0.0001210318
     1482.5200000000         0.0001224841
     1485.9400000000         0.0001239281
     1489.3600000000         0.0001253696
     1492.7900000000         0.0001268002
     1496.2400000000         0.0001285697
     1499.6800000000         0.0001309499
     1503.1400000000         0.0001333129
     1506.6100000000         0.0001339948
     1510.0800000000         0.0001327524
     1513.5600000000         0.0001319368
     1517.0500000000         0.0001316549
     1520.5500000000         0.0001323338
     1524.0500000000         0.0001330066
     1527.5700000000         0.0001330146
     1531.0900000000         0.0001327784
     1534.6200000000         0.0001325424
     1538.1500000000         0.0001343178
     1541.7000000000         0.0001363231
     1545.2500000000         0.0001382165
     1548.8200000000         0.0001388435
     1552.3900000000         0.0001394647
     1555.9700000000         0.0001390554
     1559.5500000000         0.0001358797
     1563.1500000000         0.0001327237
     1566.7500000000         0.0001345855
     1570.3600000000         0.0001417072
     1573.9800000000         0.0001487800
     1577.6100000000         0.0001528944
     1581.2500000000         0.0001558492
     1584.8900000000         0.0001587828
     1588.5500000000         0.0001624729
     1592.2100000000         0.0001662370
     1595.8800000000         0.0001679219
     1599.5600000000         0.0001630941
     1603.2500000000         0.0001582976
     1606.9400000000         0.0001576691
     1610.6500000000         0.0001607760
     1614.3600000000         0.0001638590
     1618.0800000000         0.0001615438
     1621.8100000000         0.0001581249
     1625.5500000000         0.0001558257
     1629.3000000000         0.0001599060
     1633.0500000000         0.0001639573
     1636.8200000000         0.0001697999
     1640.5900000000         0.0001775493
     1644.3700000000         0.0001852433
     1648.1600000000         0.0001752708
     1651.9600000000         0.0001618740
     1655.7700000000         0.0001547126
     1659.5900000000         0.0001718143
     1663.4100000000         0.0001887921
     1667.2500000000         0.0001857056
     1671.0900000000         0.0001685743
     1674.9400000000         0.0002027609
     1678.8000000000         0.0002324654
     1682.6700000000         0.0002391730
     1686.5500000000         0.0002396909
     1690.4400000000         0.0002310242
     1694.3400000000         0.0002224148
     1698.2400000000         0.0002242133
     1702.1600000000         0.0002280948
     1706.0800000000         0.0002346211
     1710.0200000000         0.0002481352
     1713.9600000000         0.0002615502
     1717.9100000000         0.0002669151
     1721.8700000000         0.0002693945
     1725.8400000000         0.0002737976
     1729.8200000000         0.0002854161
     1733.8000000000         0.0002969515
     1737.8000000000         0.0002981288
     1741.8100000000         0.0002946510
     1745.8200000000         0.0002950546
     1749.8500000000         0.0003104259
     1753.8800000000         0.0003256849
     1757.9200000000         0.0003136957
     1761.9800000000         0.0002914086
     1766.0400000000         0.0002793884
     1770.1100000000         0.0002968435
     1774.1900000000         0.0003141759
     1778.2800000000         0.0003201892
     1782.3800000000         0.0003233930
     1786.4900000000         0.0003345186
     1790.6100000000         0.0003595496
     1794.7300000000         0.0003843980
     1798.8700000000         0.0003802496
     1803.0200000000         0.0003741434
     1807.1700000000         0.0003734512
     1811.3400000000         0.0003776485
     1815.5200000000         0.0003803700
     1819.7000000000         0.0003728500
     1823.9000000000         0.0003653779
     1828.1000000000         0.0003626554
     1832.3100000000         0.0003616195
     1836.5400000000         0.0003528799
     1840.7700000000         0.0003307706
     1845.0200000000         0.0003089664
     1849.2700000000         0.0003310624
     1853.5300000000         0.0003530026
     1857.8000000000         0.0003751105
     1862.0900000000         0.0003972223
     1866.3800000000         0.0004104355
     1870.6800000000         0.0004051318
     1874.9900000000         0.0003998591
     1879.3200000000         0.0004041260
     1883.6500000000         0.0004083711
     1887.9900000000         0.0004204665
     1892.3400000000         0.0004360235
     1896.7100000000         0.0004419138
     1901.0800000000         0.0004327474
     1905.4600000000         0.0004256864
     1909.8500000000         0.0004375268
     1914.2600000000         0.0004492841
     1918.6700000000         0.0004413569
     1923.0900000000         0.0004295158
     1927.5200000000         0.0003983425
     1931.9700000000         0.0003527278
     1936.4200000000         0.0003451249
     1940.8900000000         0.0004177536
     1945.3600000000         0.0004846026
     1949.8400000000         0.0004906485
     1954.3400000000         0.0004966475
     1958.8400000000         0.0005156540
     1963.3600000000         0.0005367578
     1967.8900000000         0.0005503872
     1972.4200000000         0.0005338972
     1976.9700000000         0.0005238038
     1981.5300000000         0.0005369384
     1986.0900000000         0.0005440594
     1990.6700000000         0.0005441541
     1995.2600000000         0.0005432146
     1999.8600000000         0.0005253470
     2004.4700000000         0.0005075927
     2009.0900000000         0.0005100825
     2013.7200000000         0.0005151384
     2018.3700000000         0.0004969144
     2023.0200000000         0.0004700122
     2027.6800000000         0.0004846632
     2032.3600000000         0.0005296856
     2037.0400000000         0.0005649040
     2041.7400000000         0.0005876003
     2046.4400000000         0.0006002182
     2051.1600000000         0.0005903894
     2055.8900000000         0.0005801291
     2060.6300000000         0.0005678033
     2065.3800000000         0.0005600742
     2070.1400000000         0.0006042073
     2074.9100000000         0.0006746255
     2079.7000000000         0.0008047372
     2084.4900000000         0.0008339461
     2089.3000000000         0.0008149273
     2094.1100000000         0.0007903555
     2098.9400000000         0.0007645066
     2103.7800000000         0.0007385102
     2108.6300000000         0.0007511558
     2113.4900000000         0.0007766374
     2118.3600000000         0.0007696185
     2123.2400000000         0.0007481505
     2128.1400000000         0.0007146422
     2133.0400000000         0.0006745476
     2137.9600000000         0.0006999872
     2142.8900000000         0.0007682237
     2147.8300000000         0.0007974409
     2152.7800000000         0.0007977723
     2157.7400000000         0.0007764364
     2162.7200000000         0.0007377566
     2167.7000000000         0.0007229385
     2172.7000000000         0.0007280736
     2177.7100000000         0.0007562749
     2182.7300000000         0.0008038254
     2187.7600000000         0.0008382343
     2192.8000000000         0.0008618910
     2197.8600000000         0.0008591932
     2202.9300000000         0.0008364493
     2208.0000000000         0.0007876708
     2213.0900000000         0.0007211738
     2218.2000000000         0.0007092503
     2223.3100000000         0.0007292207
     2228.4400000000         0.0007963371
     2233.5700000000         0.0008861826
     2238.7200000000         0.0008881014
     2243.8800000000         0.0008565701
     2249.0500000000         0.0007933807
     2254.2400000000         0.0007218664
     2259.4400000000         0.0007048487
     2264.6400000000         0.0006971892
     2269.8600000000         0.0007316950
     2275.1000000000         0.0007702967
     2280.3400000000         0.0008357480
     2285.6000000000         0.0008868392
     2290.8700000000         0.0008297911
     2296.1500000000         0.0007971639
     2301.4400000000         0.0008511152
     2306.7500000000         0.0008746723
     2312.0600000000         0.0008370810
     2317.3900000000         0.0007742852
     2322.7400000000         0.0006808124
     2328.0900000000         0.0006371569
     2333.4600000000         0.0006297277
     2338.8400000000         0.0005678645
     2344.2300000000         0.0004845754
     2349.6300000000         0.0006062861
     2355.0500000000         0.0007584520
     2360.4800000000         0.0006213138
     2365.9200000000         0.0005199692
     2371.3700000000         0.0005904813
     2376.8400000000         0.0005957138
     2382.3200000000         0.0004735428
     2387.8100000000         0.0004405813
     2393.3200000000         0.0004919547
     2398.8300000000         0.0005054321
     2404.3600000000         0.0005023485
     2409.9100000000         0.0005311734
     2415.4600000000         0.0005732088
     2421.0300000000         0.0007174869
     2426.6100000000         0.0008172798
     2432.2000000000         0.0008092717
     2437.8100000000         0.0008368209
     2443.4300000000         0.0008994420
     2449.0600000000         0.0009249472
     2454.7100000000         0.0009361389
     2460.3700000000         0.0009115497
     2466.0400000000         0.0008801545
     2471.7200000000         0.0008265724
     2477.4200000000         0.0007644388
     2483.1300000000         0.0006916756
     2488.8600000000         0.0006778829
     2494.5900000000         0.0006916740
     2500.3500000000         0.0008375110
     2506.1100000000         0.0009072867
     2511.8900000000         0.0006204991
     2517.6800000000         0.0004680201
     2523.4800000000         0.0004807644
     2529.3000000000         0.0005417014
     2535.1300000000         0.0006154055
     2540.9700000000         0.0006397759
     2546.8300000000         0.0007029444
     2552.7000000000         0.0008512674
     2558.5900000000         0.0008594642
     2564.4800000000         0.0007785889
     2570.3900000000         0.0008471766
     2576.3200000000         0.0009038925
     2582.2600000000         0.0008710738
     2588.2100000000         0.0008376277
     2594.1800000000         0.0008036775
     2600.1600000000         0.0007564429
     2606.1500000000         0.0007092623
     2612.1600000000         0.0006702660
     2618.1800000000         0.0007157561
     2624.2200000000         0.0008358548
     2630.2700000000         0.0009992576
     2636.3300000000         0.0011774413
     2642.4100000000         0.0013874958
     2648.5000000000         0.0015726082
     2654.6100000000         0.0017391305
     2660.7200000000         0.0014883551
     2666.8600000000         0.0013244225
     2673.0100000000         0.0014226922
     2679.1700000000         0.0014979623
     2685.3400000000         0.0015488054
     2691.5300000000         0.0013749172
     2697.7400000000         0.0013282831
     2703.9600000000         0.0014411308
     2710.1900000000         0.0013131328
     2716.4400000000         0.0011699623
     2722.7000000000         0.0011345374
     2728.9800000000         0.0011848587
     2735.2700000000         0.0012668965
     2741.5700000000         0.0009608247
     2747.8900000000         0.0008486002
     2754.2300000000         0.0009636568
     2760.5800000000         0.0010889301
     2766.9400000000         0.0011988383
     2773.3200000000         0.0012716673
     2779.7100000000         0.0011114035
     2786.1200000000         0.0008541499
     2792.5400000000         0.0005262842
     2798.9800000000         0.0004396244
     2805.4300000000         0.0005284413
     2811.9000000000         0.0010008157
     2818.3800000000         0.0013528921
     2824.8800000000         0.0015953942
     2831.3900000000         0.0015743691
     2837.9200000000         0.0015080344
     2844.4600000000         0.0013921082
     2851.0200000000         0.0011515670
     2857.5900000000         0.0011653248
     2864.1800000000         0.0015838884
     2870.7800000000         0.0017363944
     2877.4000000000         0.0017833756
     2884.0300000000         0.0017121220
     2890.6800000000         0.0017571668
     2897.3400000000         0.0018684139
     2904.0200000000         0.0020650537
     2910.7200000000         0.0022323816
     2917.4300000000         0.0021658074
     2924.1500000000         0.0020996691
     2930.8900000000         0.0020394004
     2937.6500000000         0.0020151464
     2944.4200000000         0.0019910380
     2951.2100000000         0.0019785706
     2958.0100000000         0.0020190964
     2964.8300000000         0.0020593216
     2971.6700000000         0.0020921710
     2978.5200000000         0.0021028225
     2985.3800000000         0.0021133735
     2992.2600000000         0.0021290381
     2999.1600000000         0.0021551831
     3006.0800000000         0.0021811181
     3013.0100000000         0.0022001863
     3019.9500000000         0.0022104147
     3026.9100000000         0.0022205475
     3033.8900000000         0.0022406171
     3040.8900000000         0.0022684711
     3047.8900000000         0.0022961034
     3054.9200000000         0.0023215814
     3061.9600000000         0.0023460309
     3069.0200000000         0.0023702935
     3076.1000000000         0.0023819057
     3083.1900000000         0.0023914196
     3090.3000000000         0.0024018949
     3097.4200000000         0.0024364202
     3104.5600000000         0.0024706805
     3111.7200000000         0.0024899724
     3118.8900000000         0.0024625720
     3126.0800000000         0.0024353345
     3133.2800000000         0.0024198436
     3140.5100000000         0.0024182331
     3147.7500000000         0.0024166086
     3155.0000000000         0.0024466009
     3162.2800000000         0.0024905780
     3169.5700000000         0.0025342156
     3176.8700000000         0.0024516287
     3184.2000000000         0.0023616480
     3191.5400000000         0.0023072839
     3198.8900000000         0.0023850421
     3206.2700000000         0.0024622576
     3213.6600000000         0.0024478240
     3221.0700000000         0.0023408604
     3228.4900000000         0.0022346082
     3235.9400000000         0.0023555821
     3243.4000000000         0.0025330344
     3250.8700000000         0.0027017868
     3258.3700000000         0.0028130943
     3265.8800000000         0.0029236018
     3273.4100000000         0.0029761330
     3280.9500000000         0.0029592186
     3288.5200000000         0.0029423924
     3296.1000000000         0.0029301969
     3303.6900000000         0.0029191580
     3311.3100000000         0.0029109453
     3318.9400000000         0.0029161130
     3326.5900000000         0.0029212143
     3334.2600000000         0.0029114517
     3341.9500000000         0.0028899384
     3349.6500000000         0.0028685427
     3357.3800000000         0.0027272487
     3365.1200000000         0.0025813028
     3372.8700000000         0.0025171044
     3380.6500000000         0.0025903955
     3388.4400000000         0.0026631381
     3396.2500000000         0.0026888931
     3404.0800000000         0.0027028874
     3411.9300000000         0.0027223050
     3419.7900000000         0.0027585295
     3427.6800000000         0.0027944765
     3435.5800000000         0.0028295438
     3443.5000000000         0.0028640782
     3451.4400000000         0.0028946099
     3459.3900000000         0.0029080377
     3467.3700000000         0.0029213387
     3475.3600000000         0.0029716294
     3483.3700000000         0.0030397170
     3491.4000000000         0.0031045994
     3499.4500000000         0.0031561500
     3507.5200000000         0.0032073127
     3515.6000000000         0.0031661477
     3523.7100000000         0.0030846128
     3531.8300000000         0.0030530198
     3539.9700000000         0.0031910839
     3548.1300000000         0.0033281313
     3556.3100000000         0.0031651268
     3564.5100000000         0.0029151470
     3572.7300000000         0.0027460575
     3580.9600000000         0.0027368327
     3589.2200000000         0.0027276427
     3597.4900000000         0.0028473784
     3605.7900000000         0.0029796478
     3614.1000000000         0.0030648808
     3622.4300000000         0.0031022073
     3630.7800000000         0.0031405236
     3639.1500000000         0.0031910308
     3647.5400000000         0.0034323870
     3655.9500000000         0.0035124174
     3664.3700000000         0.0035171246
     3672.8200000000         0.0034877707
     3681.2900000000         0.0033909504
     3689.7800000000         0.0032947820
     3698.2800000000         0.0034142621
     3706.8100000000         0.0035387364
     3715.3500000000         0.0034301379
     3723.9200000000         0.0031840845
     3732.5000000000         0.0030594582
     3741.1100000000         0.0032263761
     3749.7300000000         0.0033921099
     3758.3700000000         0.0035921931
     3767.0400000000         0.0037920603
     3775.7200000000         0.0039334092
     3784.4200000000         0.0040442781
     3793.1500000000         0.0041396227
     3801.8900000000         0.0042082099
     3810.6600000000         0.0042338255
     3819.4400000000         0.0037364310
     3828.2500000000         0.0032425437
     3837.0700000000         0.0034741177
     3845.9200000000         0.0038827779
     3854.7800000000         0.0041002375
     3863.6700000000         0.0041558924
     3872.5700000000         0.0041539925
     3881.5000000000         0.0040118867
     3890.4500000000         0.0038969859
     3899.4200000000         0.0042850869
     3908.4100000000         0.0046723979
     3917.4200000000         0.0040497594
     3926.4500000000         0.0032158699
     3935.5000000000         0.0032658577
     3944.5700000000         0.0038811842
     3953.6700000000         0.0040009152
     3962.7800000000         0.0033938556
     3971.9200000000         0.0031517607
     3981.0700000000         0.0042688865
     3990.2500000000         0.0053542582
     3999.4500000000         0.0055671767
     4008.6700000000         0.0057785199
     4017.9100000000         0.0058178478
     4027.1700000000         0.0058281571
     4036.4500000000         0.0057819360
     4045.7600000000         0.0057113012
     4055.0900000000         0.0056306524
     4064.4300000000         0.0055418420
     4073.8000000000         0.0055595622
     4083.1900000000         0.0057319263
     4092.6100000000         0.0057883118
     4102.0400000000         0.0055452241
     4111.5000000000         0.0053775581
     4120.9800000000         0.0056029861
     4130.4700000000         0.0058169719
     4140.0000000000         0.0058437251
     4149.5400000000         0.0058702379
     4159.1100000000         0.0058797225
     4168.6900000000         0.0058882353
     4178.3000000000         0.0058586309
     4187.9400000000         0.0058231903
     4197.5900000000         0.0058344291
     4207.2600000000         0.0058581457
     4216.9600000000         0.0058084433
     4226.6900000000         0.0057303533
     4236.4300000000         0.0057602972
     4246.2000000000         0.0058453237
     4255.9800000000         0.0058132266
     4265.7900000000         0.0057037626
     4275.6300000000         0.0055847960
     4285.4800000000         0.0054592714
     4295.3600000000         0.0052458718
     4305.2600000000         0.0049593849
     4315.1900000000         0.0050732503
     4325.1400000000         0.0055489512
     4335.1100000000         0.0057074800
     4345.1000000000         0.0055667544
     4355.1200000000         0.0057188370
     4365.1600000000         0.0061484417
     4375.2200000000         0.0062509170
     4385.3100000000         0.0060525993
     4395.4200000000         0.0060157571
     4405.5500000000         0.0061176121
     4415.7000000000         0.0062377965
     4425.8800000000         0.0063719195
     4436.0800000000         0.0064299349
     4446.3100000000         0.0064367768
     4456.5600000000         0.0065270271
     4466.8300000000         0.0066634212
     4477.1300000000         0.0067340783
     4487.4500000000         0.0067754965
     4497.8000000000         0.0070318668
     4508.1700000000         0.0073565515
     4518.5600000000         0.0071224440
     4528.9700000000         0.0067709112
     4539.4100000000         0.0068168417
     4549.8800000000         0.0069053336
     4560.3700000000         0.0071239611
     4570.8800000000         0.0073099169
     4581.4200000000         0.0071386010
     4591.9800000000         0.0070162760
     4602.5600000000         0.0071016666
     4613.1800000000         0.0071371985
     4623.8100000000         0.0070574894
     4634.4700000000         0.0070295040
     4645.1500000000         0.0070724920
     4655.8600000000         0.0071517630
     4666.5900000000         0.0072575272
     4677.3500000000         0.0072453832
     4688.1300000000         0.0071792346
     4698.9400000000         0.0070735132
     4709.7700000000         0.0069601224
     4720.6300000000         0.0070854020
     4731.5100000000         0.0072074668
     4742.4200000000         0.0072832475
     4753.3500000000         0.0073279496
     4764.3100000000         0.0073034381
     4775.2900000000         0.0072836559
     4786.3000000000         0.0072688982
     4797.3300000000         0.0072474997
     4808.3900000000         0.0072228224
     4819.4800000000         0.0072682053
     4830.5900000000         0.0073064896
     4841.7200000000         0.0070131649
     4852.8800000000         0.0066942777
     4864.0700000000         0.0062986845
     4875.2800000000         0.0063460455
     4886.5200000000         0.0068856543
     4897.7900000000         0.0070638885
     4909.0800000000         0.0070814840
     4920.3900000000         0.0070199650
     4931.7400000000         0.0069852904
     4943.1100000000         0.0071355635
     4954.5000000000         0.0072133201
     4965.9200000000         0.0071814181
     4977.3700000000         0.0070111421
     4988.8400000000         0.0067655635
     5000.3400000000         0.0065970807
     5011.8700000000         0.0064943288
     5023.4300000000         0.0066819433
     5035.0000000000         0.0067811497
     5046.6100000000         0.0067655910
     5058.2500000000         0.0068573770
     5069.9100000000         0.0069924272
     5081.5900000000         0.0068154573
     5093.3100000000         0.0067057987
     5105.0500000000         0.0067730746
     5116.8200000000         0.0067316322
     5128.6100000000         0.0066119274
     5140.4400000000         0.0064972546
     5152.2900000000         0.0063702124
     5164.1600000000         0.0061868127
     5176.0700000000         0.0061361296
     5188.0000000000         0.0062119989
     5199.9600000000         0.0063643106
     5211.9500000000         0.0065309890
     5223.9600000000         0.0066963942
     5236.0000000000         0.0068383124
     5248.0700000000         0.0069568311
     5260.1700000000         0.0066470304
     5272.3000000000         0.0064092185
     5284.4500000000         0.0068158028
     5296.6300000000         0.0070941225
     5308.8400000000         0.0072656632
     5321.0800000000         0.0069116075
     5333.3500000000         0.0066956375
     5345.6400000000         0.0069870003
     5357.9600000000         0.0070726490
     5370.3200000000         0.0070449263
     5382.7000000000         0.0069589564
     5395.1000000000         0.0068793395
     5407.5400000000         0.0068085236
     5420.0100000000         0.0068395142
     5432.5000000000         0.0069056675
     5445.0200000000         0.0070135286
     5457.5800000000         0.0070008105
     5470.1600000000         0.0069108824
     5482.7700000000         0.0069165532
     5495.4100000000         0.0069064000
     5508.0800000000         0.0068752849
     5520.7700000000         0.0069466978
     5533.5000000000         0.0070232097
     5546.2600000000         0.0070659774
     5559.0400000000         0.0070135435
     5571.8500000000         0.0069254618
     5584.7000000000         0.0068437401
     5597.5700000000         0.0068791248
     5610.4800000000         0.0069903070
     5623.4100000000         0.0069642467
     5636.3800000000         0.0069668097
     5649.3700000000         0.0069986708
     5662.3900000000         0.0069002472
     5675.4500000000         0.0068833441
     5688.5300000000         0.0069884490
     5701.6400000000         0.0068815113
     5714.7900000000         0.0069011543
     5727.9600000000         0.0071864589
     5741.1600000000         0.0071003148
     5754.4000000000         0.0070123258
     5767.6600000000         0.0070552765
     5780.9600000000         0.0069375094
     5794.2900000000         0.0068777022
     5807.6400000000         0.0070104524
     5821.0300000000         0.0071128937
     5834.4500000000         0.0071343170
     5847.9000000000         0.0070066317
     5861.3800000000         0.0069893729
     5874.8900000000         0.0068500885
     5888.4400000000         0.0064614895
     5902.0100000000         0.0066967979
     5915.6100000000         0.0068868143
     5929.2500000000         0.0068989741
     5942.9200000000         0.0068967575
     5956.6200000000         0.0069197034
     5970.3500000000         0.0069670160
     5984.1200000000         0.0068930732
     5997.9100000000         0.0068234964
     6011.7300000000         0.0067754844
     6025.6000000000         0.0068545598
     6039.4800000000         0.0069242120
     6053.4100000000         0.0069672787
     6067.3600000000         0.0069423276
     6081.3500000000         0.0068193600
     6095.3700000000         0.0067299646
     6109.4200000000         0.0067319255
     6123.5000000000         0.0065278737
     6137.6200000000         0.0064807208
     6151.7700000000         0.0065415027
     6165.9500000000         0.0063765347
     6180.1600000000         0.0064801006
     6194.4100000000         0.0066138408
     6208.6900000000         0.0065787560
     6223.0000000000         0.0064619808
     6237.3500000000         0.0063286931
     6251.7300000000         0.0062262779
     6266.1400000000         0.0064067743
     6280.5800000000         0.0064928280
     6295.0600000000         0.0064854687
     6309.5700000000         0.0063688732
     6324.1200000000         0.0064113038
     6338.6900000000         0.0064322376
     6353.3100000000         0.0064284303
     6367.9500000000         0.0064006182
     6382.6300000000         0.0064434540
     6397.3500000000         0.0064235246
     6412.0900000000         0.0063473471
     6426.8800000000         0.0063770898
     6441.6900000000         0.0063623893
     6456.5400000000         0.0063395132
     6471.4200000000         0.0063137077
     6486.3400000000         0.0062169586
     6501.3000000000         0.0062845061
     6516.2800000000         0.0063458313
     6531.3000000000         0.0063122343
     6546.3600000000         0.0061370996
     6561.4500000000         0.0058037760
     6576.5800000000         0.0057898518
     6591.7400000000         0.0062071010
     6606.9300000000         0.0062682559
     6622.1600000000         0.0062600989
     6637.4300000000         0.0062436750
     6652.7300000000         0.0062223580
     6668.0700000000         0.0061337128
     6683.4400000000         0.0061805197
     6698.8500000000         0.0061237174
     6714.2900000000         0.0060427864
     6729.7600000000         0.0061360649
     6745.2800000000         0.0060622487
     6760.8300000000         0.0060500694
     6776.4100000000         0.0060405550
     6792.0400000000         0.0060013728
     6807.6900000000         0.0060031223
     6823.3800000000         0.0060333600
     6839.1100000000         0.0059847445
     6854.8800000000         0.0059259506
     6870.6800000000         0.0059784730
     6886.5200000000         0.0060227620
     6902.4000000000         0.0060116136
     6918.3100000000         0.0059802849
     6934.2600000000         0.0059480020
     6950.2400000000         0.0059256665
     6966.2600000000         0.0059597259
     6982.3200000000         0.0059427852
     6998.4200000000         0.0058830418
     7014.5500000000         0.0058432929
     7030.7200000000         0.0059147831
     7046.9300000000         0.0059329113
     7063.1800000000         0.0058537200
     7079.4600000000         0.0057549961
     7095.7700000000         0.0056629055
     7112.1400000000         0.0055800593
     7128.5300000000         0.0055049579
     7144.9600000000         0.0054882132
     7161.4300000000         0.0055066268
     7177.9400000000         0.0054720878
     7194.4900000000         0.0054181116
     7211.0700000000         0.0055001099
     7227.7000000000         0.0055633048
     7244.3600000000         0.0055832653
     7261.0600000000         0.0055913795
     7277.8000000000         0.0055576451
     7294.5700000000         0.0055226926
     7311.3900000000         0.0055991425
     7328.2500000000         0.0056029116
     7345.1400000000         0.0056185522
     7362.0700000000         0.0056788423
     7379.0400000000         0.0056664338
     7396.0500000000         0.0055935211
     7413.1000000000         0.0055761528
     7430.1900000000         0.0056592394
     7447.3200000000         0.0056649907
     7464.4900000000         0.0056918277
     7481.6900000000         0.0056859371
     7498.9400000000         0.0056918697
     7516.2300000000         0.0057281931
     7533.5500000000         0.0057659834
     7550.9200000000         0.0057823709
     7568.3300000000         0.0057454077
     7585.7700000000         0.0056836437
     7603.2600000000         0.0056310133
     7620.7900000000         0.0055784057
     7638.3600000000         0.0055225044
     7655.9600000000         0.0054259924
     7673.6100000000         0.0053080395
     7691.3000000000         0.0053913849
     7709.0300000000         0.0053061969
     7726.8100000000         0.0053072097
     7744.6200000000         0.0052755633
     7762.4700000000         0.0052998774
     7780.3600000000         0.0053332988
     7798.3000000000         0.0053384583
     7816.2800000000         0.0053151459
     7834.2900000000         0.0052694138
     7852.3600000000         0.0052329823
     7870.4600000000         0.0052862614
     7888.6000000000         0.0052112299
     7906.7900000000         0.0051209782
     7925.0100000000         0.0051015262
     7943.2800000000         0.0050721718
     7961.5900000000         0.0051358254
     7979.9500000000         0.0051905741
     7998.3400000000         0.0051978673
     8016.7800000000         0.0052136895
     8035.2600000000         0.0052119200
     8053.7800000000         0.0052034273
     8072.3500000000         0.0052154381
     8090.9600000000         0.0051577953
     8109.6100000000         0.0051869689
     8128.3000000000         0.0052612424
     8147.0400000000         0.0052813855
     8165.8200000000         0.0052978504
     8184.6500000000         0.0052081589
     8203.5100000000         0.0051499750
     8222.4300000000         0.0051537151
     8241.3800000000         0.0051617245
     8260.3800000000         0.0051851715
     8279.4200000000         0.0051865904
     8298.5100000000         0.0051029474
     8317.6300000000         0.0050084968
     8336.8100000000         0.0049902457
     8356.0300000000         0.0050036870
     8375.2900000000         0.0049785627
     8394.6000000000         0.0048995847
     8413.9500000000         0.0049630366
     8433.3500000000         0.0048153838
     8452.7900000000         0.0047744531
     8472.2700000000         0.0047647031
     8491.8000000000         0.0047591398
     8511.3800000000         0.0045772879
     8531.0000000000         0.0047331774
     8550.6700000000         0.0043168645
     8570.3800000000         0.0048597860
     8590.1400000000         0.0047831386
     8609.9400000000         0.0047986265
     8629.7800000000         0.0048871143
     8649.6700000000         0.0048704883
     8669.6200000000         0.0043527493
     8689.6000000000         0.0047458396
     8709.6300000000         0.0048856218
     8729.7100000000         0.0048990408
     8749.8400000000         0.0047839805
     8770.0000000000         0.0049059647
     8790.2300000000         0.0049272464
     8810.4900000000         0.0048353681
     8830.8000000000         0.0048718983
     8851.1500000000         0.0048485580
     8871.5600000000         0.0046886615
     8892.0100000000         0.0048183817
     8912.5100000000         0.0048433100
     8933.0500000000         0.0047651539
     8953.6500000000         0.0047667897
     8974.2800000000         0.0047740950
     8994.9800000000         0.0047205370
     9015.7100000000         0.0046081790
     9036.4900000000         0.0047715944
     9057.3300000000         0.0048467126
     9078.2000000000         0.0047777034
     9099.1300000000         0.0047348472
     9120.1000000000         0.0048002377
     9141.1300000000         0.0048157475
     9162.2000000000         0.0047954530
     9183.3200000000         0.0048158318
     9204.5000000000         0.0047125886
     9225.7100000000         0.0045600752
     9246.9800000000         0.0045722416
     9268.3000000000         0.0046082814
     9289.6600000000         0.0045823650
     9311.0800000000         0.0046080933
     9332.5400000000         0.0045949607
     9354.0600000000         0.0045637651
     9375.6200000000         0.0045260992
     9397.2300000000         0.0045265392
     9418.9000000000         0.0045035500
     9440.6100000000         0.0045237602
     9462.3700000000         0.0045386972
     9484.1800000000         0.0045668813
     9506.0500000000         0.0045195711
     9527.9600000000         0.0045000892
     9549.9200000000         0.0043433416
     9571.9400000000         0.0044531533
     9594.0000000000         0.0045116465
     9616.1200000000         0.0044641071
     9638.2900000000         0.0044377996
     9660.5100000000         0.0043938993
     9682.7700000000         0.0044268370
     9705.1000000000         0.0044106138
     9727.4700000000         0.0043693013
     9749.8900000000         0.0043428433
     9772.3700000000         0.0043450147
     9794.9000000000         0.0043161078
     9817.4800000000         0.0043642484
     9840.1100000000         0.0043495460
     9862.7900000000         0.0043368959
     9885.5300000000         0.0043178988
     9908.3200000000         0.0042933817
     9931.1600000000         0.0043022335
     9954.0500000000         0.0042975717
     9977.0000000000         0.0042887358
    10000.0000000000         0.0042638802
    10000.0000000000         0.0042638802
    10115.8000000000         0.0041897451
    10232.9400000000         0.0041401340
    10351.4200000000         0.0040501934
    10471.2900000000         0.0039871316
    10592.5400000000         0.0038850254
    10715.2000000000         0.0038030141
    10839.2700000000         0.0037010575
    10964.7800000000         0.0036314754
    11091.7500000000         0.0035809397
    11220.1900000000         0.0035155669
    11350.1000000000         0.0034311695
    11481.5400000000         0.0033978778
    11614.4900000000         0.0032869447
    11748.9800000000         0.0032480841
    11885.0200000000         0.0031428116
    12022.6400000000         0.0031027724
    12161.8600000000         0.0030687549
    12302.6900000000         0.0029989891
    12445.1400000000         0.0029372671
    12589.2500000000         0.0028763243
    12735.0300000000         0.0028217465
    12882.5000000000         0.0027538661
    13031.6600000000         0.0027048709
    13182.5600000000         0.0026416136
    13335.2100000000         0.0025874989
    13489.6300000000         0.0025386906
    13645.8400000000         0.0024753981
    13803.8400000000         0.0024577773
    13963.6800000000         0.0023664541
    14125.3800000000         0.0023145031
    14288.9500000000         0.0022648799
    14454.3900000000         0.0022550731
    14621.7700000000         0.0022194812
    14791.0900000000         0.0021859771
    14962.3600000000         0.0021818543
    15135.6100000000         0.0021663669
    15310.8700000000         0.0021560320
    15488.1700000000         0.0021305222
    15667.5200000000         0.0020612597
    15848.9200000000         0.0019853392
    16032.4500000000         0.0020021279
    16218.1000000000         0.0019802363
    16405.9000000000         0.0019450031
    16595.8600000000         0.0019200337
    16788.0400000000         0.0018520764
    16982.4400000000         0.0018186944
    17179.0900000000         0.0017509545
    17378.0000000000         0.0016593813
    17579.2300000000         0.0016138793
    17782.7900000000         0.0015462168
    17988.7100000000         0.0014810780
    18197.0200000000         0.0014155695
    18407.7100000000         0.0013678289
    18620.8700000000         0.0013140568
    18836.4900000000         0.0012676996
    19054.6200000000         0.0012335132
    19275.2400000000         0.0011854551
    19498.4400000000         0.0011289136
    19724.2300000000         0.0010903653
    19952.6300000000         0.0010561126
    20183.6600000000         0.0010263548
    20417.3800000000         0.0009942082
    20653.8000000000         0.0009604588
    20892.9700000000         0.0009288370
    21134.8800000000         0.0009020282
    21379.6200000000         0.0008779226
    21627.1900000000         0.0008387645
    21877.6200000000         0.0008157735
    22130.9400000000         0.0007887437
    22387.2100000000         0.0007570552
    22646.4400000000         0.0007271625
    22908.6800000000         0.0006531269
    23173.9300000000         0.0006232816
    23442.2800000000         0.0005832128
    23713.7400000000         0.0005474426
    23988.3400000000         0.0005186347
    24266.1100000000         0.0004898475
    24547.0800000000         0.0004536560
    24831.3300000000         0.0004201347
    25118.8700000000         0.0004042567
    25409.7400000000         0.0003990557
    25703.9500000000         0.0003923473
    26001.5900000000         0.0003808798
    26302.6800000000         0.0003672990
    26607.2600000000         0.0003554806
    26915.3400000000         0.0003475076
    27227.0100000000         0.0003403113
    27542.2900000000         0.0003292238
    27861.2200000000         0.0003185435
    28183.8200000000         0.0003073848
    28510.1800000000         0.0002981464
    28840.3200000000         0.0002876657
    29174.2800000000         0.0002781285
    29512.0800000000         0.0002682424
    29853.8200000000         0.0002589405
    30199.5200000000         0.0002503389
    30549.2200000000         0.0002416309
    30902.9400000000         0.0002337465
    31260.7900000000         0.0002263930
    31622.7800000000         0.0002183513
    31988.9600000000         0.0002117864
    32359.3500000000         0.0002043615
    32734.0600000000         0.0001969573
    33113.1100000000         0.0001899459
    33496.5500000000         0.0001834854
    33884.4300000000         0.0001764665
    34276.7700000000         0.0001701591
    34673.6800000000         0.0001638907
    35075.2000000000         0.0001579308
    35481.3600000000         0.0001517872
    35892.1800000000         0.0001457923
    36307.8000000000         0.0001405595
    36728.2300000000         0.0001347119
    37153.5400000000         0.0001290692
    37583.7200000000         0.0001238724
    38018.9300000000         0.0001195415
    38459.1800000000         0.0001152898
    38904.5300000000         0.0001105246
    39354.9900000000         0.0001062188
    39810.7100000000         0.0001015434
    40271.7100000000         0.0000979464
    40738.0400000000         0.0000939796
    41209.7300000000         0.0000904675
    41686.9300000000         0.0000866683
    42169.6500000000         0.0000832918
    42657.9600000000         0.0000802039
    43151.8800000000         0.0000717701
    43651.5700000000         0.0000670011
    44157.0400000000         0.0000622010
    44668.3700000000         0.0000587615
    45185.6200000000         0.0000563947
    45708.8000000000         0.0000547447
    46238.1000000000         0.0000525809
    46773.5200000000         0.0000511010
    47315.1500000000         0.0000496947
    47862.9900000000         0.0000478273
    48417.2300000000         0.0000464015
    48977.8900000000         0.0000445002
    49545.0400000000         0.0000428796
    50118.7000000000         0.0000415929
    50699.0600000000         0.0000400984
    51286.1400000000         0.0000387313
    51880.0200000000         0.0000374996
    52480.7200000000         0.0000362549
    53088.4300000000         0.0000348704
    53703.1800000000         0.0000338331
    54325.0500000000         0.0000325501
    54954.0600000000         0.0000315329
    55590.4100000000         0.0000305209
    56234.1300000000         0.0000294878
    56885.3100000000         0.0000284218
    57543.9600000000         0.0000276035
    58210.3000000000         0.0000266401
    58884.3600000000         0.0000256759
    59566.2300000000         0.0000247945
    60255.9900000000         0.0000239517
    60953.6700000000         0.0000230305
    61659.5000000000         0.0000223064
    62373.5000000000         0.0000214731
    63095.7600000000         0.0000206457
    63826.3200000000         0.0000199171
    64565.4100000000         0.0000191688
    65313.0600000000         0.0000184569
    66069.3700000000         0.0000177833
    66834.3600000000         0.0000171226
    67608.2900000000         0.0000164619
    68391.1700000000         0.0000158367
    69183.1200000000         0.0000152309
    69984.1600000000         0.0000146472
    70794.5600000000         0.0000140907
    71614.3400000000         0.0000135511
    72443.6200000000         0.0000130294
    73282.4100000000         0.0000125311
    74131.0100000000         0.0000120514
    74989.4200000000         0.0000115920
    75857.7800000000         0.0000112216
    76736.1000000000         0.0000108754
    77624.6900000000         0.0000105430
    78523.5600000000         0.0000102304
    79432.8400000000         0.0000099271
    80352.6500000000         0.0000096359
    81283.0200000000         0.0000093701
    82224.2600000000         0.0000091247
    83176.3900000000         0.0000089008
    84139.5500000000         0.0000086912
    85113.7700000000         0.0000085036
    86099.3700000000         0.0000083302
    87096.3700000000         0.0000081390
    88104.9200000000         0.0000079522
    89125.0500000000         0.0000077891
    90157.1000000000         0.0000076502
    91201.0900000000         0.0000075331
    92257.1700000000         0.0000074383
    93325.3800000000         0.0000073650
    94406.0700000000         0.0000073152
    95499.2700000000         0.0000072897
    96605.1200000000         0.0000072863
    97723.6700000000         0.0000071517
    98855.2800000000         0.0000069300
   100000.0000000000         0.0000067141
   101157.9700000000         0.0000065284
   102329.2400000000         0.0000063407
   103514.1900000000         0.0000061509
   104712.8500000000         0.0000059588
   105925.4000000000         0.0000057647
   107151.9800000000         0.0000055683
   108392.6600000000         0.0000053720
   109647.8100000000         0.0000051734
   110917.5000000000         0.0000049930
   112201.9000000000         0.0000048364
   113501.0400000000         0.0000046353
   114815.3400000000         0.0000044230
   116144.8800000000         0.0000042172
   117489.8000000000         0.0000040158
   118850.1700000000         0.0000038196
   120226.4200000000         0.0000036394
   121618.6100000000         0.0000035547
   123026.9200000000         0.0000034717
   124451.4000000000         0.0000033899
   125892.5200000000         0.0000033098
   127350.3100000000         0.0000032218
   128824.9900000000         0.0000031288
   130316.6100000000         0.0000030412
   131825.6400000000         0.0000029737
   133352.1400000000         0.0000029055
   134896.3300000000         0.0000028365
   136458.2300000000         0.0000027644
   138038.3900000000         0.0000026915
   139636.8300000000         0.0000026201
   141253.7800000000         0.0000025601
   142889.4700000000         0.0000025015
   144543.9200000000         0.0000024406
   146217.7000000000         0.0000023809
   147910.8600000000         0.0000023205
   149623.6200000000         0.0000022610
   151356.0600000000         0.0000022081
   153108.7200000000         0.0000021578
   154881.6900000000         0.0000021072
   156675.1700000000         0.0000020561
   158489.2500000000         0.0000020049
   160324.5200000000         0.0000019540
   162181.0300000000         0.0000019103
   164059.0300000000         0.0000018690
   165958.6100000000         0.0000018226
   167880.3600000000         0.0000017767
   169824.3800000000         0.0000017311
   171790.8900000000         0.0000016856
   173779.9800000000         0.0000016399
   175792.3100000000         0.0000015916
   177827.9400000000         0.0000015443
   179887.1400000000         0.0000014965
   181969.9800000000         0.0000014543
   184077.1400000000         0.0000014123
   186208.7000000000         0.0000013699
   188364.9500000000         0.0000013270
   190545.9500000000         0.0000012855
   192752.4200000000         0.0000012484
   194984.4400000000         0.0000012109
   197242.3100000000         0.0000011728
   199526.3100000000         0.0000011344
