        1.0000000000         0.0000000000
      316.2300000000         0.0000000000
      316.9600000000         0.0000000000
      317.6900000000         0.0000000000
      318.4200000000         0.0000000000
      319.1500000000         0.0000000000
      319.8900000000         0.0000000000
      320.6300000000         0.0000000000
      321.3700000000         0.0000000000
      322.1100000000         0.0000000000
      322.8500000000         0.0000000000
      323.5900000000         0.0000000000
      324.3400000000         0.0000000000
      325.0900000000         0.0000000000
      325.8400000000         0.0000000000
      326.5900000000         0.0000000000
      327.3400000000         0.0000000000
      328.1000000000         0.0000000000
      328.8500000000         0.0000000000
      329.6100000000         0.0000000000
      330.3700000000         0.0000000000
      331.1300000000         0.0000000000
      331.8900000000         0.0000000000
      332.6600000000         0.0000000000
      333.4300000000         0.0000000000
      334.1900000000         0.0000000000
      334.9700000000         0.0000000000
      335.7400000000         0.0000000000
      336.5100000000         0.0000000000
      337.2900000000         0.0000000000
      338.0600000000         0.0000000000
      338.8400000000         0.0000000000
      339.6300000000         0.0000000000
      340.4100000000         0.0000000000
      341.1900000000         0.0000000000
      341.9800000000         0.0000000000
      342.7700000000         0.0000000000
      343.5600000000         0.0000000000
      344.3500000000         0.0000000000
      345.1400000000         0.0000000000
      345.9400000000         0.0000000000
      346.7400000000         0.0000000000
      347.5400000000         0.0000000000
      348.3400000000         0.0000000000
      349.1400000000         0.0000000000
      349.9500000000         0.0000000000
      350.7500000000         0.0000000000
      351.5600000000         0.0000000000
      352.3700000000         0.0000000000
      353.1800000000         0.0000000000
      354.0000000000         0.0000000000
      354.8100000000         0.0000000000
      355.6300000000         0.0000000000
      356.4500000000         0.0000000000
      357.2700000000         0.0000000000
      358.1000000000         0.0000000000
      358.9200000000         0.0000000000
      359.7500000000         0.0000000000
      360.5800000000         0.0000000000
      361.4100000000         0.0000000000
      362.2400000000         0.0000000000
      363.0800000000         0.0000000000
      363.9200000000         0.0000000000
      364.7500000000         0.0000000000
      365.5900000000         0.0000000000
      366.4400000000         0.0000000000
      367.2800000000         0.0000000000
      368.1300000000         0.0000000000
      368.9800000000         0.0000000000
      369.8300000000         0.0000000000
      370.6800000000         0.0000000000
      371.5400000000         0.0000000000
      372.3900000000         0.0000000000
      373.2500000000         0.0000000000
      374.1100000000         0.0000000000
      374.9700000000         0.0000000000
      375.8400000000         0.0000000000
      376.7000000000         0.0000000000
      377.5700000000         0.0000000000
      378.4400000000         0.0000000000
      379.3100000000         0.0000000000
      380.1900000000         0.0000000000
      381.0700000000         0.0000000000
      381.9400000000         0.0000000000
      382.8200000000         0.0000000000
      383.7100000000         0.0000000000
      384.5900000000         0.0000000000
      385.4800000000         0.0000000000
      386.3700000000         0.0000000000
      387.2600000000         0.0000000000
      388.1500000000         0.0000000000
      389.0500000000         0.0000000000
      389.9400000000         0.0000000000
      390.8400000000         0.0000000000
      391.7400000000         0.0000000000
      392.6500000000         0.0000000000
      393.5500000000         0.0000000000
      394.4600000000         0.0000000000
      395.3700000000         0.0000000000
      396.2800000000         0.0000000000
      397.1900000000         0.0000000000
      398.1100000000         0.0000000000
      399.0200000000         0.0000000000
      399.9400000000         0.0000000000
      400.8700000000         0.0000000000
      401.7900000000         0.0000000000
      402.7200000000         0.0000000000
      403.6500000000         0.0000000000
      404.5800000000         0.0000000000
      405.5100000000         0.0000000000
      406.4400000000         0.0000000000
      407.3800000000         0.0000000000
      408.3200000000         0.0000000000
      409.2600000000         0.0000000000
      410.2000000000         0.0000000000
      411.1500000000         0.0000000000
      412.1000000000         0.0000000000
      413.0500000000         0.0000000000
      414.0000000000         0.0000000000
      414.9500000000         0.0000000000
      415.9100000000         0.0000000000
      416.8700000000         0.0000000000
      417.8300000000         0.0000000000
      418.7900000000         0.0000000000
      419.7600000000         0.0000000000
      420.7300000000         0.0000000000
      421.7000000000         0.0000000000
      422.6700000000         0.0000000000
      423.6400000000         0.0000000000
      424.6200000000         0.0000000000
      425.6000000000         0.0000000000
      426.5800000000         0.0000000000
      427.5600000000         0.0000000000
      428.5500000000         0.0000000000
      429.5400000000         0.0000000000
      430.5300000000         0.0000000000
      431.5200000000         0.0000000000
      432.5100000000         0.0000000000
      433.5100000000         0.0000000000
      434.5100000000         0.0000000000
      435.5100000000         0.0000000000
      436.5200000000         0.0000000000
      437.5200000000         0.0000000000
      438.5300000000         0.0000000000
      439.5400000000         0.0000000000
      440.5500000000         0.0000000000
      441.5700000000         0.0000000000
      442.5900000000         0.0000000000
      443.6100000000         0.0000000000
      444.6300000000         0.0000000000
      445.6600000000         0.0000000000
      446.6800000000         0.0000000000
      447.7100000000         0.0000000000
      448.7500000000         0.0000000000
      449.7800000000         0.0000000000
      450.8200000000         0.0000000000
      451.8600000000         0.0000000000
      452.9000000000         0.0000000000
      453.9400000000         0.0000000000
      454.9900000000         0.0000000000
      456.0400000000         0.0000000000
      457.0900000000         0.0000000000
      458.1400000000         0.0000000000
      459.2000000000         0.0000000000
      460.2600000000         0.0000000000
      461.3200000000         0.0000000000
      462.3800000000         0.0000000000
      463.4500000000         0.0000000000
      464.5200000000         0.0000000000
      465.5900000000         0.0000000000
      466.6600000000         0.0000000000
      467.7400000000         0.0000000000
      468.8100000000         0.0000000000
      469.8900000000         0.0000000000
      470.9800000000         0.0000000000
      472.0600000000         0.0000000000
      473.1500000000         0.0000000000
      474.2400000000         0.0000000000
      475.3400000000         0.0000000000
      476.4300000000         0.0000000000
      477.5300000000         0.0000000000
      478.6300000000         0.0000000000
      479.7300000000         0.0000000000
      480.8400000000         0.0000000000
      481.9500000000         0.0000000000
      483.0600000000         0.0000000000
      484.1700000000         0.0000000000
      485.2900000000         0.0000000000
      486.4100000000         0.0000000000
      487.5300000000         0.0000000000
      488.6500000000         0.0000000000
      489.7800000000         0.0000000000
      490.9100000000         0.0000000000
      492.0400000000         0.0000000000
      493.1700000000         0.0000000000
      494.3100000000         0.0000000000
      495.4500000000         0.0000000000
      496.5900000000         0.0000000000
      497.7400000000         0.0000000000
      498.8800000000         0.0000000000
      500.0300000000         0.0000000000
      501.1900000000         0.0000000000
      502.3400000000         0.0000000000
      503.5000000000         0.0000000000
      504.6600000000         0.0000000000
      505.8200000000         0.0000000000
      506.9900000000         0.0000000000
      508.1600000000         0.0000000000
      509.3300000000         0.0000000000
      510.5000000000         0.0000000000
      511.6800000000         0.0000000000
      512.8600000000         0.0000000000
      514.0400000000         0.0000000000
      515.2300000000         0.0000000000
      516.4200000000         0.0000000000
      517.6100000000         0.0000000000
      518.8000000000         0.0000000000
      520.0000000000         0.0000000000
      521.1900000000         0.0000000000
      522.4000000000         0.0000000000
      523.6000000000         0.0000000000
      524.8100000000         0.0000000000
      526.0200000000         0.0000000000
      527.2300000000         0.0000000000
      528.4500000000         0.0000000000
      529.6600000000         0.0000000000
      530.8800000000         0.0000000000
      532.1100000000         0.0000000000
      533.3300000000         0.0000000000
      534.5600000000         0.0000000000
      535.8000000000         0.0000000000
      537.0300000000         0.0000000000
      538.2700000000         0.0000000000
      539.5100000000         0.0000000000
      540.7500000000         0.0000000000
      542.0000000000         0.0000000000
      543.2500000000         0.0000000000
      544.5000000000         0.0000000000
      545.7600000000         0.0000000000
      547.0200000000         0.0000000000
      548.2800000000         0.0000000000
      549.5400000000         0.0000000000
      550.8100000000         0.0000000000
      552.0800000000         0.0000000000
      553.3500000000         0.0000000000
      554.6300000000         0.0000000000
      555.9000000000         0.0000000000
      557.1900000000         0.0000000000
      558.4700000000         0.0000000000
      559.7600000000         0.0000000000
      561.0500000000         0.0000000000
      562.3400000000         0.0000000000
      563.6400000000         0.0000000000
      564.9400000000         0.0000000000
      566.2400000000         0.0000000000
      567.5400000000         0.0000000000
      568.8500000000         0.0000000000
      570.1600000000         0.0000000000
      571.4800000000         0.0000000000
      572.8000000000         0.0000000000
      574.1200000000         0.0000000000
      575.4400000000         0.0000000000
      576.7700000000         0.0000000000
      578.1000000000         0.0000000000
      579.4300000000         0.0000000000
      580.7600000000         0.0000000000
      582.1000000000         0.0000000000
      583.4500000000         0.0000000000
      584.7900000000         0.0000000000
      586.1400000000         0.0000000000
      587.4900000000         0.0000000000
      588.8400000000         0.0000000000
      590.2000000000         0.0000000000
      591.5600000000         0.0000000000
      592.9300000000         0.0000000000
      594.2900000000         0.0000000000
      595.6600000000         0.0000000000
      597.0400000000         0.0000000000
      598.4100000000         0.0000000000
      599.7900000000         0.0000000000
      601.1700000000         0.0000000000
      602.5600000000         0.0000000000
      603.9500000000         0.0000000000
      605.3400000000         0.0000000000
      606.7400000000         0.0000000000
      608.1300000000         0.0000000000
      609.5400000000         0.0000000000
      610.9400000000         0.0000000000
      612.3500000000         0.0000000000
      613.7600000000         0.0000000000
      615.1800000000         0.0000000000
      616.5900000000         0.0000000000
      618.0200000000         0.0000000000
      619.4400000000         0.0000000000
      620.8700000000         0.0000000000
      622.3000000000         0.0000000000
      623.7300000000         0.0000000000
      625.1700000000         0.0000000000
      626.6100000000         0.0000000000
      628.0600000000         0.0000000000
      629.5100000000         0.0000000000
      630.9600000000         0.0000000000
      632.4100000000         0.0000000000
      633.8700000000         0.0000000000
      635.3300000000         0.0000000000
      636.8000000000         0.0000000000
      638.2600000000         0.0000000000
      639.7300000000         0.0000000000
      641.2100000000         0.0000000000
      642.6900000000         0.0000000000
      644.1700000000         0.0000000000
      645.6500000000         0.0000000000
      647.1400000000         0.0000000000
      648.6300000000         0.0000000000
      650.1300000000         0.0000000000
      651.6300000000         0.0000000000
      653.1300000000         0.0000000000
      654.6400000000         0.0000000000
      656.1500000000         0.0000000000
      657.6600000000         0.0000000000
      659.1700000000         0.0000000000
      660.6900000000         0.0000000000
      662.2200000000         0.0000000000
      663.7400000000         0.0000000000
      665.2700000000         0.0000000000
      666.8100000000         0.0000000000
      668.3400000000         0.0000000000
      669.8800000000         0.0000000000
      671.4300000000         0.0000000000
      672.9800000000         0.0000000000
      674.5300000000         0.0000000000
      676.0800000000         0.0000000000
      677.6400000000         0.0000000000
      679.2000000000         0.0000000000
      680.7700000000         0.0000000000
      682.3400000000         0.0000000000
      683.9100000000         0.0000000000
      685.4900000000         0.0000000000
      687.0700000000         0.0000000000
      688.6500000000         0.0000000000
      690.2400000000         0.0000000000
      691.8300000000         0.0000000000
      693.4300000000         0.0000000000
      695.0200000000         0.0000000000
      696.6300000000         0.0000000000
      698.2300000000         0.0000000000
      699.8400000000         0.0000000000
      701.4600000000         0.0000000000
      703.0700000000         0.0000000000
      704.6900000000         0.0000000000
      706.3200000000         0.0000000000
      707.9500000000         0.0000000000
      709.5800000000         0.0000000000
      711.2100000000         0.0000000000
      712.8500000000         0.0000000000
      714.5000000000         0.0000000000
      716.1400000000         0.0000000000
      717.7900000000         0.0000000000
      719.4500000000         0.0000000000
      721.1100000000         0.0000000000
      722.7700000000         0.0000000000
      724.4400000000         0.0000000000
      726.1100000000         0.0000000000
      727.7800000000         0.0000000000
      729.4600000000         0.0000000000
      731.1400000000         0.0000000000
      732.8200000000         0.0000000000
      734.5100000000         0.0000000000
      736.2100000000         0.0000000000
      737.9000000000         0.0000000000
      739.6100000000         0.0000000000
      741.3100000000         0.0000000000
      743.0200000000         0.0000000000
      744.7300000000         0.0000000000
      746.4500000000         0.0000000000
      748.1700000000         0.0000000000
      749.8900000000         0.0000000000
      751.6200000000         0.0000000000
      753.3600000000         0.0000000000
      755.0900000000         0.0000000000
      756.8300000000         0.0000000000
      758.5800000000         0.0000000000
      760.3300000000         0.0000000000
      762.0800000000         0.0000000000
      763.8400000000         0.0000000000
      765.6000000000         0.0000000000
      767.3600000000         0.0000000000
      769.1300000000         0.0000000000
      770.9000000000         0.0000000000
      772.6800000000         0.0000000000
      774.4600000000         0.0000000000
      776.2500000000         0.0000000000
      778.0400000000         0.0000000000
      779.8300000000         0.0000000000
      781.6300000000         0.0000000000
      783.4300000000         0.0000000000
      785.2400000000         0.0000000000
      787.0500000000         0.0000000000
      788.8600000000         0.0000000000
      790.6800000000         0.0000000000
      792.5000000000         0.0000000000
      794.3300000000         0.0000000000
      796.1600000000         0.0000000000
      797.9900000000         0.0000000000
      799.8300000000         0.0000000000
      801.6800000000         0.0000000000
      803.5300000000         0.0000000000
      805.3800000000         0.0000000000
      807.2400000000         0.0000000000
      809.1000000000         0.0000000000
      810.9600000000         0.0000000000
      812.8300000000         0.0000000000
      814.7000000000         0.0000000000
      816.5800000000         0.0000000000
      818.4600000000         0.0000000000
      820.3500000000         0.0000000000
      822.2400000000         0.0000000000
      824.1400000000         0.0000000000
      826.0400000000         0.0000000000
      827.9400000000         0.0000000000
      829.8500000000         0.0000000000
      831.7600000000         0.0000000000
      833.6800000000         0.0000000000
      835.6000000000         0.0000000000
      837.5300000000         0.0000000000
      839.4600000000         0.0000000000
      841.4000000000         0.0000000000
      843.3300000000         0.0000000000
      845.2800000000         0.0000000000
      847.2300000000         0.0000000000
      849.1800000000         0.0000000000
      851.1400000000         0.0000000000
      853.1000000000         0.0000000000
      855.0700000000         0.0000000000
      857.0400000000         0.0000000000
      859.0100000000         0.0000000000
      860.9900000000         0.0000000000
      862.9800000000         0.0000000000
      864.9700000000         0.0000000000
      866.9600000000         0.0000000000
      868.9600000000         0.0000000000
      870.9600000000         0.0000000000
      872.9700000000         0.0000000000
      874.9800000000         0.0000000000
      877.0000000000         0.0000000000
      879.0200000000         0.0000000000
      881.0500000000         0.0000000000
      883.0800000000         0.0000000000
      885.1200000000         0.0000000000
      887.1600000000         0.0000000000
      889.2000000000         0.0000000000
      891.2500000000         0.0000000000
      893.3100000000         0.0000000000
      895.3600000000         0.0000000000
      897.4300000000         0.0000000000
      899.5000000000         0.0000000000
      901.5700000000         0.0043658591
      903.6500000000         0.0043362067
      905.7300000000         0.0043006931
      907.8200000000         0.0042543332
      909.9100000000         0.0042082462
      912.0100000000         0.0041624215
      914.1100000000         0.0041168798
      916.2200000000         0.0047054845
      918.3300000000         0.0057498259
      920.4500000000         0.0067866836
      922.5700000000         0.0078163343
      924.7000000000         0.0088390736
      926.8300000000         0.0098816976
      928.9700000000         0.0109215425
      931.1100000000         0.0119541241
      933.2500000000         0.0129796779
      935.4100000000         0.0139805460
      937.5600000000         0.0149001582
      939.7200000000         0.0158134755
      941.8900000000         0.0167201441
      944.0600000000         0.0176203977
      946.2400000000         0.0183283165
      948.4200000000         0.0188900419
      950.6000000000         0.0194476973
      952.8000000000         0.0200013127
      954.9900000000         0.0205510352
      957.1900000000         0.0208555479
      959.4000000000         0.0211569257
      961.6100000000         0.0214560851
      963.8300000000         0.0217528865
      966.0500000000         0.0205017515
      968.2800000000         0.0175395068
      970.5100000000         0.0145982075
      972.7500000000         0.0116770202
      974.9900000000         0.0087750712
      977.2400000000         0.0106323203
      979.4900000000         0.0124982195
      981.7500000000         0.0143510895
      984.0100000000         0.0161915328
      986.2800000000         0.0169000402
      988.5500000000         0.0167408828
      990.8300000000         0.0165826045
      993.1200000000         0.0164252818
      995.4100000000         0.0164547656
      997.7000000000         0.0173464026
     1000.0000000000         0.0182314962
     1002.3100000000         0.0191103052
     1004.6200000000         0.0199828874
     1006.9300000000         0.0201917943
     1009.2500000000         0.0202684291
     1011.5800000000         0.0203443263
     1013.9100000000         0.0204195026
     1016.2500000000         0.0196698084
     1018.5900000000         0.0182082430
     1020.9400000000         0.0167561881
     1023.2900000000         0.0153143164
     1025.6500000000         0.0145008415
     1028.0200000000         0.0153096179
     1030.3900000000         0.0161124691
     1032.7600000000         0.0169096384
     1035.1400000000         0.0177426878
     1037.5300000000         0.0192242954
     1039.9200000000         0.0206951927
     1042.3200000000         0.0221557375
     1044.7200000000         0.0236063395
     1047.1300000000         0.0235340763
     1049.5400000000         0.0232638270
     1051.9600000000         0.0229951311
     1054.3900000000         0.0227281041
     1056.8200000000         0.0219778065
     1059.2500000000         0.0210692789
     1061.7000000000         0.0201665983
     1064.1400000000         0.0192700606
     1066.6000000000         0.0192299820
     1069.0500000000         0.0196457542
     1071.5200000000         0.0200583879
     1073.9900000000         0.0204679389
     1076.4700000000         0.0202281531
     1078.9500000000         0.0195450671
     1081.4300000000         0.0188664701
     1083.9300000000         0.0181923434
     1086.4300000000         0.0183203369
     1088.9300000000         0.0190464463
     1091.4400000000         0.0197673775
     1093.9600000000         0.0204832591
     1096.4800000000         0.0206204765
     1099.0100000000         0.0203526486
     1101.5400000000         0.0200863928
     1104.0800000000         0.0198218096
     1106.6200000000         0.0196220446
     1109.1800000000         0.0194591843
     1111.7300000000         0.0192972831
     1114.2900000000         0.0191362910
     1116.8600000000         0.0186413582
     1119.4400000000         0.0180229563
     1122.0200000000         0.0174087826
     1124.6000000000         0.0167986471
     1127.2000000000         0.0173596833
     1129.8000000000         0.0181259923
     1132.4000000000         0.0188868325
     1135.0100000000         0.0196378808
     1137.6300000000         0.0193152539
     1140.2500000000         0.0189946480
     1142.8800000000         0.0186760575
     1145.5100000000         0.0184189118
     1148.1500000000         0.0184090454
     1150.8000000000         0.0183990579
     1153.4500000000         0.0183889419
     1156.1100000000         0.0183400922
     1158.7800000000         0.0182378218
     1161.4500000000         0.0181360394
     1164.1300000000         0.0180347860
     1166.8100000000         0.0169526692
     1169.5000000000         0.0154044032
     1172.2000000000         0.0138670364
     1174.9000000000         0.0123401666
     1177.6100000000         0.0134929670
     1180.3200000000         0.0147428922
     1183.0400000000         0.0159837641
     1185.7700000000         0.0166585725
     1188.5000000000         0.0159109924
     1191.2400000000         0.0151685411
     1193.9900000000         0.0144310659
     1196.7400000000         0.0137817953
     1199.5000000000         0.0131854359
     1202.2600000000         0.0125930207
     1205.0400000000         0.0120037403
     1207.8100000000         0.0113537237
     1210.6000000000         0.0107081896
     1213.3900000000         0.0100670019
     1216.1900000000         0.0101510184
     1218.9900000000         0.0112114036
     1221.8000000000         0.0122643718
     1224.6200000000         0.0133102313
     1227.4400000000         0.0141458837
     1230.2700000000         0.0149438232
     1233.1000000000         0.0157360975
     1235.9500000000         0.0163079202
     1238.8000000000         0.0164463408
     1241.6500000000         0.0165836383
     1244.5100000000         0.0167198498
     1247.3800000000         0.0165990386
     1250.2600000000         0.0164269060
     1253.1400000000         0.0162557382
     1256.0300000000         0.0160481222
     1258.9300000000         0.0157742426
     1261.8300000000         0.0155020226
     1264.7400000000         0.0152315767
     1267.6500000000         0.0157426633
     1270.5700000000         0.0163274612
     1273.5000000000         0.0169081744
     1276.4400000000         0.0172422137
     1279.3800000000         0.0173222069
     1282.3300000000         0.0174014848
     1285.2900000000         0.0173968244
     1288.2500000000         0.0166190658
     1291.2200000000         0.0158462934
     1294.2000000000         0.0150788659
     1297.1800000000         0.0148394387
     1300.1700000000         0.0147940395
     1303.1700000000         0.0147487856
     1306.1700000000         0.0149709759
     1309.1800000000         0.0156090772
     1312.2000000000         0.0162427537
     1315.2200000000         0.0168071240
     1318.2600000000         0.0165638700
     1321.3000000000         0.0163220521
     1324.3400000000         0.0160817839
     1327.3900000000         0.0157336276
     1330.4500000000         0.0153576108
     1333.5200000000         0.0149840889
     1336.6000000000         0.0150183523
     1339.6800000000         0.0154270343
     1342.7700000000         0.0158328321
     1345.8600000000         0.0160752926
     1348.9600000000         0.0159004107
     1352.0700000000         0.0157265235
     1355.1900000000         0.0155394543
     1358.3100000000         0.0151335727
     1361.4400000000         0.0147302346
     1364.5800000000         0.0143295955
     1367.7300000000         0.0142861931
     1370.8800000000         0.0142969918
     1374.0400000000         0.0143075688
     1377.2100000000         0.0142685696
     1380.3800000000         0.0142083345
     1383.5700000000         0.0141483508
     1386.7600000000         0.0135672344
     1389.9500000000         0.0125652561
     1393.1600000000         0.0115697924
     1396.3700000000         0.0109666586
     1399.5900000000         0.0108854221
     1402.8100000000         0.0108046075
     1406.0500000000         0.0109864241
     1409.2900000000         0.0117127644
     1412.5400000000         0.0124339769
     1415.7900000000         0.0129526332
     1419.0600000000         0.0128559144
     1422.3300000000         0.0127597293
     1425.6100000000         0.0126972636
     1428.8900000000         0.0127807623
     1432.1900000000         0.0128635503
     1435.4900000000         0.0129504744
     1438.8000000000         0.0130642811
     1442.1200000000         0.0131741492
     1445.4400000000         0.0131993908
     1448.7700000000         0.0131008793
     1452.1100000000         0.0128944619
     1455.4600000000         0.0126794782
     1458.8100000000         0.0124038495
     1462.1800000000         0.0121300500
     1465.5500000000         0.0119022690
     1468.9300000000         0.0119036669
     1472.3100000000         0.0119049288
     1475.7100000000         0.0119114900
     1479.1100000000         0.0119385179
     1482.5200000000         0.0119652404
     1485.9400000000         0.0119745433
     1489.3600000000         0.0119383829
     1492.7900000000         0.0119023388
     1496.2400000000         0.0118007073
     1499.6800000000         0.0115825972
     1503.1400000000         0.0113658225
     1506.6100000000         0.0110250721
     1510.0800000000         0.0105418917
     1513.5600000000         0.0104063628
     1517.0500000000         0.0106885023
     1520.5500000000         0.0105742756
     1524.0500000000         0.0104607241
     1527.5700000000         0.0100574549
     1531.0900000000         0.0095499968
     1534.6200000000         0.0090459203
     1538.1500000000         0.0088579543
     1541.7000000000         0.0087091587
     1545.2500000000         0.0085666357
     1548.8200000000         0.0084942058
     1552.3900000000         0.0084222024
     1555.9700000000         0.0084356833
     1559.5500000000         0.0086787427
     1563.1500000000         0.0089201070
     1566.7500000000         0.0091382777
     1570.3600000000         0.0093322974
     1573.9800000000         0.0095249256
     1577.6100000000         0.0096424529
     1581.2500000000         0.0097304517
     1584.8900000000         0.0098177623
     1588.5500000000         0.0098352125
     1592.2100000000         0.0098503642
     1595.8800000000         0.0098354798
     1599.5600000000         0.0097261453
     1603.2500000000         0.0096174590
     1606.9400000000         0.0095343068
     1610.6500000000         0.0094740596
     1614.3600000000         0.0094141429
     1618.0800000000         0.0093088085
     1621.8100000000         0.0091945678
     1625.5500000000         0.0091198813
     1629.3000000000         0.0092709381
     1633.0500000000         0.0094208866
     1636.8200000000         0.0094997818
     1640.5900000000         0.0095032603
     1644.3700000000         0.0095066121
     1648.1600000000         0.0093709249
     1651.9600000000         0.0092085553
     1655.7700000000         0.0091105159
     1659.5900000000         0.0092625311
     1663.4100000000         0.0094133653
     1667.2500000000         0.0091831051
     1671.0900000000         0.0086863814
     1674.9400000000         0.0092445454
     1678.8000000000         0.0097209737
     1682.6700000000         0.0097366441
     1686.5500000000         0.0096613448
     1690.4400000000         0.0094508454
     1694.3400000000         0.0092416992
     1698.2400000000         0.0091062300
     1702.1600000000         0.0089863846
     1706.0800000000         0.0088478904
     1710.0200000000         0.0086594364
     1713.9600000000         0.0084722368
     1717.9100000000         0.0083777038
     1721.8700000000         0.0083164461
     1725.8400000000         0.0083038267
     1729.8200000000         0.0084712626
     1733.8000000000         0.0086374553
     1737.8000000000         0.0086304629
     1741.8100000000         0.0085501336
     1745.8200000000         0.0085090157
     1749.8500000000         0.0086183688
     1753.8800000000         0.0087268529
     1757.9200000000         0.0086030941
     1761.9800000000         0.0083916122
     1766.0400000000         0.0082277553
     1770.1100000000         0.0081992783
     1774.1900000000         0.0081709102
     1778.2800000000         0.0082028210
     1782.3800000000         0.0082492651
     1786.4900000000         0.0083204871
     1790.6100000000         0.0084354589
     1794.7300000000         0.0085495207
     1798.8700000000         0.0085257823
     1803.0200000000         0.0084926980
     1807.1700000000         0.0083434172
     1811.3400000000         0.0080892323
     1815.5200000000         0.0078719780
     1819.7000000000         0.0079060979
     1823.9000000000         0.0079398975
     1828.1000000000         0.0078692380
     1832.3100000000         0.0077619301
     1836.5400000000         0.0076044197
     1840.7700000000         0.0073592737
     1845.0200000000         0.0071166246
     1849.2700000000         0.0071302596
     1853.5300000000         0.0071437252
     1857.8000000000         0.0071828035
     1862.0900000000         0.0072349925
     1866.3800000000         0.0073135910
     1870.6800000000         0.0074481349
     1874.9900000000         0.0075817071
     1879.3200000000         0.0073315469
     1883.6500000000         0.0070825489
     1887.9900000000         0.0069237938
     1892.3400000000         0.0068060574
     1896.7100000000         0.0067899167
     1901.0800000000         0.0069305948
     1905.4600000000         0.0070422892
     1909.8500000000         0.0069160503
     1914.2600000000         0.0067905765
     1918.6700000000         0.0066763046
     1923.0900000000         0.0065648449
     1927.5200000000         0.0065695615
     1931.9700000000         0.0066613057
     1936.4200000000         0.0067554829
     1940.8900000000         0.0068556466
     1945.3600000000         0.0069283512
     1949.8400000000         0.0066959965
     1954.3400000000         0.0064651752
     1958.8400000000         0.0065890974
     1963.3600000000         0.0067726462
     1967.8900000000         0.0069326726
     1972.4200000000         0.0070005809
     1976.9700000000         0.0070106448
     1981.5300000000         0.0068095839
     1986.0900000000         0.0066643362
     1990.6700000000         0.0065842080
     1995.2600000000         0.0065126680
     1999.8600000000         0.0065747299
     2004.4700000000         0.0066363104
     2009.0900000000         0.0065690624
     2013.7200000000         0.0064856978
     2018.3700000000         0.0065165260
     2023.0200000000         0.0065901014
     2027.6800000000         0.0065272083
     2032.3600000000         0.0063645695
     2037.0400000000         0.0063019642
     2041.7400000000         0.0063675987
     2046.4400000000         0.0063247252
     2051.1600000000         0.0060385927
     2055.8900000000         0.0058210455
     2060.6300000000         0.0058913520
     2065.3800000000         0.0059784963
     2070.1400000000         0.0062640323
     2074.9100000000         0.0064321044
     2079.7000000000         0.0062730685
     2084.4900000000         0.0064070271
     2089.3000000000         0.0062723723
     2094.1100000000         0.0061069485
     2098.9400000000         0.0060822600
     2103.7800000000         0.0060890969
     2108.6300000000         0.0061105131
     2113.4900000000         0.0061366586
     2118.3600000000         0.0061429609
     2123.2400000000         0.0061403681
     2128.1400000000         0.0060352832
     2133.0400000000         0.0058736256
     2137.9600000000         0.0058220499
     2142.8900000000         0.0058425497
     2147.8300000000         0.0058951895
     2152.7800000000         0.0059714392
     2157.7400000000         0.0059465016
     2162.7200000000         0.0058404868
     2167.7000000000         0.0057812021
     2172.7000000000         0.0057610092
     2177.7100000000         0.0057257563
     2182.7300000000         0.0056778840
     2187.7600000000         0.0057041757
     2192.8000000000         0.0057908408
     2197.8600000000         0.0057855630
     2202.9300000000         0.0057103354
     2208.0000000000         0.0055946023
     2213.0900000000         0.0054513686
     2218.2000000000         0.0053587067
     2223.3100000000         0.0052961251
     2228.4400000000         0.0053542005
     2233.5700000000         0.0054708621
     2238.7200000000         0.0054329955
     2243.8800000000         0.0053364937
     2249.0500000000         0.0052155438
     2254.2400000000         0.0050885151
     2259.4400000000         0.0050957398
     2264.6400000000         0.0051257177
     2269.8600000000         0.0051611736
     2275.1000000000         0.0051969052
     2280.3400000000         0.0052406220
     2285.6000000000         0.0052583534
     2290.8700000000         0.0050770431
     2296.1500000000         0.0049445806
     2301.4400000000         0.0049841683
     2306.7500000000         0.0049735298
     2312.0600000000         0.0048615164
     2317.3900000000         0.0046121166
     2322.7400000000         0.0041955896
     2328.0900000000         0.0041572577
     2333.4600000000         0.0043934742
     2338.8400000000         0.0044056894
     2344.2300000000         0.0043286635
     2349.6300000000         0.0044374727
     2355.0500000000         0.0045733643
     2360.4800000000         0.0043921582
     2365.9200000000         0.0042484421
     2371.3700000000         0.0042838431
     2376.8400000000         0.0042515467
     2382.3200000000         0.0040868921
     2387.8100000000         0.0040559014
     2393.3200000000         0.0041512544
     2398.8300000000         0.0041302373
     2404.3600000000         0.0040585785
     2409.9100000000         0.0040768557
     2415.4600000000         0.0041140602
     2421.0300000000         0.0042338474
     2426.6100000000         0.0042949915
     2432.2000000000         0.0042134277
     2437.8100000000         0.0042179446
     2443.4300000000         0.0043073571
     2449.0600000000         0.0043107308
     2454.7100000000         0.0042811423
     2460.3700000000         0.0042382940
     2466.0400000000         0.0041873464
     2471.7200000000         0.0041027679
     2477.4200000000         0.0040448736
     2483.1300000000         0.0040226537
     2488.8600000000         0.0038510293
     2494.5900000000         0.0036083241
     2500.3500000000         0.0038958348
     2506.1100000000         0.0040930156
     2511.8900000000         0.0037514793
     2517.6800000000         0.0037586156
     2523.4800000000         0.0036927450
     2529.3000000000         0.0036982303
     2535.1300000000         0.0037303388
     2540.9700000000         0.0036935592
     2546.8300000000         0.0037118192
     2552.7000000000         0.0038503201
     2558.5900000000         0.0038541048
     2564.4800000000         0.0037722562
     2570.3900000000         0.0038499755
     2576.3200000000         0.0039116209
     2582.2600000000         0.0038660145
     2588.2100000000         0.0038177734
     2594.1800000000         0.0037673390
     2600.1600000000         0.0036966712
     2606.1500000000         0.0036278504
     2612.1600000000         0.0035789690
     2618.1800000000         0.0036032652
     2624.2200000000         0.0036921883
     2630.2700000000         0.0037907914
     2636.3300000000         0.0039076540
     2642.4100000000         0.0040854579
     2648.5000000000         0.0042118840
     2654.6100000000         0.0043003988
     2660.7200000000         0.0040402622
     2666.8600000000         0.0038699296
     2673.0100000000         0.0039577791
     2679.1700000000         0.0039976584
     2685.3400000000         0.0040050102
     2691.5300000000         0.0038490880
     2697.7400000000         0.0037941781
     2703.9600000000         0.0038658485
     2710.1900000000         0.0037520430
     2716.4400000000         0.0036295988
     2722.7000000000         0.0036003154
     2728.9800000000         0.0036433539
     2735.2700000000         0.0037110574
     2741.5700000000         0.0034067421
     2747.8900000000         0.0032689481
     2754.2300000000         0.0033263518
     2760.5800000000         0.0034034157
     2766.9400000000         0.0034826223
     2773.3200000000         0.0035611514
     2779.7100000000         0.0034471210
     2786.1200000000         0.0032347234
     2792.5400000000         0.0028786135
     2798.9800000000         0.0027991596
     2805.4300000000         0.0029077316
     2811.9000000000         0.0032736557
     2818.3800000000         0.0035292488
     2824.8800000000         0.0036844129
     2831.3900000000         0.0036071884
     2837.9200000000         0.0035244387
     2844.4600000000         0.0034401293
     2851.0200000000         0.0032905585
     2857.5900000000         0.0033075251
     2864.1800000000         0.0035874066
     2870.7800000000         0.0036558209
     2877.4000000000         0.0036616116
     2884.0300000000         0.0036104217
     2890.6800000000         0.0036160834
     2897.3400000000         0.0036768017
     2904.0200000000         0.0038208188
     2910.7200000000         0.0039412947
     2917.4300000000         0.0038734041
     2924.1500000000         0.0038059405
     2930.8900000000         0.0037430897
     2937.6500000000         0.0037081060
     2944.4200000000         0.0036733244
     2951.2100000000         0.0036485461
     2958.0100000000         0.0036690503
     2964.8300000000         0.0036893745
     2971.6700000000         0.0037026431
     2978.5200000000         0.0036944808
     2985.3800000000         0.0036863363
     2992.2600000000         0.0036834562
     2999.1600000000         0.0036912407
     3006.0800000000         0.0036989299
     3013.0100000000         0.0037005583
     3019.9500000000         0.0036943574
     3026.9100000000         0.0036881617
     3033.8900000000         0.0036855757
     3040.8900000000         0.0036858236
     3047.8900000000         0.0036860309
     3054.9200000000         0.0036904030
     3061.9600000000         0.0036965010
     3069.0200000000         0.0037025202
     3076.1000000000         0.0037007825
     3083.1900000000         0.0036977897
     3090.3000000000         0.0036953117
     3097.4200000000         0.0037050976
     3104.5600000000         0.0037147766
     3111.7200000000         0.0037138055
     3118.8900000000         0.0036794588
     3126.0800000000         0.0036453099
     3133.2800000000         0.0036240693
     3140.5100000000         0.0036180778
     3147.7500000000         0.0036120908
     3155.0000000000         0.0036170038
     3162.2800000000         0.0036267417
     3169.5700000000         0.0036363713
     3176.8700000000         0.0035561584
     3184.2000000000         0.0034707978
     3191.5400000000         0.0034137527
     3198.8900000000         0.0034615162
     3206.2700000000         0.0035089254
     3213.6600000000         0.0034887071
     3221.0700000000         0.0034002096
     3228.4900000000         0.0033122851
     3235.9400000000         0.0033846535
     3243.4000000000         0.0034969212
     3250.8700000000         0.0036025897
     3258.3700000000         0.0036637401
     3265.8800000000         0.0037244163
     3273.4100000000         0.0037472439
     3280.9500000000         0.0037247224
     3288.5200000000         0.0037023211
     3296.1000000000         0.0036839724
     3303.6900000000         0.0036666666
     3311.3100000000         0.0036506734
     3318.9400000000         0.0036406829
     3326.5900000000         0.0036307229
     3334.2600000000         0.0036105528
     3341.9500000000         0.0035823316
     3349.6500000000         0.0035542676
     3357.3800000000         0.0034512444
     3365.1200000000         0.0033453950
     3372.8700000000         0.0032913003
     3380.6500000000         0.0033241953
     3388.4400000000         0.0033568209
     3396.2500000000         0.0033647395
     3404.0800000000         0.0033664871
     3411.9300000000         0.0033678703
     3419.7900000000         0.0033682380
     3427.6800000000         0.0033685670
     3435.5800000000         0.0033805054
     3443.5000000000         0.0033971600
     3451.4400000000         0.0034103554
     3459.3900000000         0.0034084809
     3467.3700000000         0.0034065838
     3475.3600000000         0.0034307046
     3483.3700000000         0.0034673761
     3491.4000000000         0.0035021030
     3499.4500000000         0.0035286918
     3507.5200000000         0.0035550601
     3515.6000000000         0.0035183968
     3523.7100000000         0.0034542014
     3531.8300000000         0.0034220850
     3539.9700000000         0.0034987840
     3548.1300000000         0.0035748999
     3556.3100000000         0.0034518354
     3564.5100000000         0.0032709460
     3572.7300000000         0.0031469646
     3580.9600000000         0.0031355079
     3589.2200000000         0.0031240971
     3597.4900000000         0.0031959587
     3605.7900000000         0.0032759379
     3614.1000000000         0.0033266377
     3622.4300000000         0.0033475158
     3630.7800000000         0.0033682764
     3639.1500000000         0.0033895131
     3647.5400000000         0.0035574611
     3655.9500000000         0.0036056298
     3664.3700000000         0.0035976830
     3672.8200000000         0.0035571749
     3681.2900000000         0.0034520854
     3689.7800000000         0.0033477065
     3698.2800000000         0.0034434518
     3706.8100000000         0.0035439264
     3715.3500000000         0.0034752709
     3723.9200000000         0.0033068398
     3732.5000000000         0.0032446608
     3741.1100000000         0.0034380185
     3749.7300000000         0.0036300079
     3758.3700000000         0.0037715104
     3767.0400000000         0.0039104484
     3775.7200000000         0.0040606470
     3784.4200000000         0.0042161252
     3793.1500000000         0.0043571186
     3801.8900000000         0.0044733868
     3810.6600000000         0.0045450255
     3819.4400000000         0.0040770066
     3828.2500000000         0.0036122822
     3837.0700000000         0.0038711471
     3845.9200000000         0.0043064998
     3854.7800000000         0.0045597623
     3863.6700000000         0.0046588904
     3872.5700000000         0.0046189539
     3881.5000000000         0.0042398018
     3890.4500000000         0.0039093676
     3899.4200000000         0.0044474439
     3908.4100000000         0.0049818894
     3917.4200000000         0.0045585036
     3926.4500000000         0.0039338614
     3935.5000000000         0.0039447234
     3944.5700000000         0.0043621287
     3953.6700000000         0.0043334616
     3962.7800000000         0.0036501889
     3971.9200000000         0.0033308154
     3981.0700000000         0.0043653091
     3990.2500000000         0.0053703529
     3999.4500000000         0.0055660196
     4008.6700000000         0.0057602348
     4017.9100000000         0.0057790345
     4027.1700000000         0.0057683610
     4036.4500000000         0.0057287430
     4045.7600000000         0.0056766672
     4055.0900000000         0.0055953204
     4064.4300000000         0.0054898956
     4073.8000000000         0.0054254043
     4083.1900000000         0.0054201214
     4092.6100000000         0.0053336383
     4102.0400000000         0.0050362302
     4111.5000000000         0.0048422813
     4120.9800000000         0.0051885154
     4130.4700000000         0.0055171833
     4140.0000000000         0.0055578058
     4149.5400000000         0.0055980980
     4159.1100000000         0.0055932272
     4168.6900000000         0.0055860751
     4178.3000000000         0.0055641118
     4187.9400000000         0.0055399095
     4197.5900000000         0.0055522257
     4207.2600000000         0.0055742790
     4216.9600000000         0.0055389069
     4226.6900000000         0.0054813093
     4236.4300000000         0.0054964814
     4246.2000000000         0.0055487654
     4255.9800000000         0.0055006617
     4265.7900000000         0.0053894212
     4275.6300000000         0.0052953004
     4285.4800000000         0.0052139903
     4295.3600000000         0.0050537637
     4305.2600000000         0.0048278719
     4315.1900000000         0.0048138620
     4325.1400000000         0.0049914280
     4335.1100000000         0.0049901153
     4345.1000000000         0.0048200320
     4355.1200000000         0.0049830871
     4365.1600000000         0.0054618903
     4375.2200000000         0.0056131133
     4385.3100000000         0.0054630847
     4395.4200000000         0.0054292264
     4405.5500000000         0.0054951566
     4415.7000000000         0.0055648694
     4425.8800000000         0.0056373640
     4436.0800000000         0.0056712208
     4446.3100000000         0.0056790835
     4456.5600000000         0.0057329694
     4466.8300000000         0.0058122976
     4477.1300000000         0.0058450461
     4487.4500000000         0.0058571431
     4497.8000000000         0.0060468302
     4508.1700000000         0.0062930612
     4518.5600000000         0.0061081201
     4528.9700000000         0.0058325911
     4539.4100000000         0.0058458075
     4549.8800000000         0.0058900551
     4560.3700000000         0.0060499073
     4570.8800000000         0.0061842650
     4581.4200000000         0.0060374085
     4591.9800000000         0.0059281806
     4602.5600000000         0.0059781512
     4613.1800000000         0.0059868898
     4623.8100000000         0.0059001520
     4634.4700000000         0.0058617471
     4645.1500000000         0.0058896253
     4655.8600000000         0.0059405183
     4666.5900000000         0.0060101855
     4677.3500000000         0.0059817671
     4688.1300000000         0.0059083458
     4698.9400000000         0.0058149714
     4709.7700000000         0.0057179262
     4720.6300000000         0.0058265943
     4731.5100000000         0.0059305611
     4742.4200000000         0.0059827249
     4753.3500000000         0.0060118707
     4764.3100000000         0.0059897280
     4775.2900000000         0.0059631090
     4786.3000000000         0.0059317085
     4797.3300000000         0.0058919997
     4808.3900000000         0.0058482592
     4819.4800000000         0.0058638174
     4830.5900000000         0.0058711511
     4841.7200000000         0.0055562202
     4852.8800000000         0.0052331802
     4864.0700000000         0.0048829978
     4875.2800000000         0.0049432828
     4886.5200000000         0.0054597291
     4897.7900000000         0.0056362897
     4909.0800000000         0.0056617381
     4920.3900000000         0.0056155287
     4931.7400000000         0.0055886665
     4943.1100000000         0.0057021636
     4954.5000000000         0.0057479064
     4965.9200000000         0.0056910771
     4977.3700000000         0.0055484842
     4988.8400000000         0.0053593414
     5000.3400000000         0.0052214237
     5011.8700000000         0.0051328843
     5023.4300000000         0.0052660210
     5035.0000000000         0.0053351652
     5046.6100000000         0.0053212326
     5058.2500000000         0.0053981915
     5069.9100000000         0.0055117896
     5081.5900000000         0.0053760530
     5093.3100000000         0.0052911937
     5105.0500000000         0.0053387601
     5116.8200000000         0.0053071948
     5128.6100000000         0.0052187340
     5140.4400000000         0.0051193838
     5152.2900000000         0.0050043301
     5164.1600000000         0.0048280428
     5176.0700000000         0.0047660321
     5188.0000000000         0.0048130038
     5199.9600000000         0.0049259253
     5211.9500000000         0.0050464659
     5223.9600000000         0.0051409919
     5236.0000000000         0.0052327029
     5248.0700000000         0.0053216172
     5260.1700000000         0.0050914469
     5272.3000000000         0.0049139340
     5284.4500000000         0.0052123424
     5296.6300000000         0.0054121558
     5308.8400000000         0.0055299103
     5321.0800000000         0.0052672271
     5333.3500000000         0.0051052533
     5345.6400000000         0.0053124651
     5357.9600000000         0.0053760493
     5370.3200000000         0.0053599970
     5382.7000000000         0.0052856202
     5395.1000000000         0.0052180388
     5407.5400000000         0.0051599098
     5420.0100000000         0.0051752338
     5432.5000000000         0.0052146697
     5445.0200000000         0.0052790879
     5457.5800000000         0.0052496740
     5470.1600000000         0.0051604272
     5482.7700000000         0.0051610083
     5495.4100000000         0.0051503968
     5508.0800000000         0.0051249536
     5520.7700000000         0.0051682210
     5533.5000000000         0.0052189440
     5546.2600000000         0.0052576140
     5559.0400000000         0.0052273781
     5571.8500000000         0.0051643159
     5584.7000000000         0.0050742058
     5597.5700000000         0.0050892215
     5610.4800000000         0.0051723216
     5623.4100000000         0.0051325145
     5636.3800000000         0.0051202499
     5649.3700000000         0.0051361700
     5662.3900000000         0.0050744703
     5675.4500000000         0.0050688651
     5688.5300000000         0.0051463866
     5701.6400000000         0.0050831614
     5714.7900000000         0.0051074480
     5727.9600000000         0.0053141532
     5741.1600000000         0.0052342298
     5754.4000000000         0.0051571336
     5767.6600000000         0.0051895157
     5780.9600000000         0.0051041115
     5794.2900000000         0.0050611352
     5807.6400000000         0.0051591769
     5821.0300000000         0.0052289898
     5834.4500000000         0.0052364254
     5847.9000000000         0.0051311073
     5861.3800000000         0.0051074019
     5874.8900000000         0.0050079911
     5888.4400000000         0.0047496553
     5902.0100000000         0.0048983595
     5915.6100000000         0.0050154366
     5929.2500000000         0.0050135348
     5942.9200000000         0.0050082835
     5956.6200000000         0.0050220694
     5970.3500000000         0.0050539183
     5984.1200000000         0.0049973866
     5997.9100000000         0.0049485411
     6011.7300000000         0.0049188822
     6025.6000000000         0.0049828948
     6039.4800000000         0.0050323973
     6053.4100000000         0.0050626695
     6067.3600000000         0.0050546415
     6081.3500000000         0.0049644792
     6095.3700000000         0.0048999214
     6109.4200000000         0.0049066371
     6123.5000000000         0.0047524245
     6137.6200000000         0.0046967217
     6151.7700000000         0.0047108787
     6165.9500000000         0.0045898608
     6180.1600000000         0.0046545132
     6194.4100000000         0.0047411001
     6208.6900000000         0.0047133183
     6223.0000000000         0.0046236431
     6237.3500000000         0.0045229457
     6251.7300000000         0.0044468041
     6266.1400000000         0.0045832363
     6280.5800000000         0.0046531265
     6295.0600000000         0.0046551232
     6309.5700000000         0.0045763212
     6324.1200000000         0.0046118544
     6338.6900000000         0.0046250606
     6353.3100000000         0.0046188394
     6367.9500000000         0.0046054949
     6382.6300000000         0.0046478417
     6397.3500000000         0.0046396842
     6412.0900000000         0.0045852964
     6426.8800000000         0.0046091988
     6441.6900000000         0.0046024965
     6456.5400000000         0.0045876289
     6471.4200000000         0.0045677787
     6486.3400000000         0.0045012785
     6501.3000000000         0.0045450209
     6516.2800000000         0.0045817900
     6531.3000000000         0.0045500211
     6546.3600000000         0.0044128634
     6561.4500000000         0.0041619232
     6576.5800000000         0.0041501112
     6591.7400000000         0.0044611446
     6606.9300000000         0.0045204745
     6622.1600000000         0.0045018205
     6637.4300000000         0.0044711768
     6652.7300000000         0.0044396808
     6668.0700000000         0.0043677310
     6683.4400000000         0.0044076620
     6698.8500000000         0.0043671140
     6714.2900000000         0.0043051345
     6729.7600000000         0.0043720594
     6745.2800000000         0.0043164878
     6760.8300000000         0.0043160999
     6776.4100000000         0.0043133311
     6792.0400000000         0.0042783078
     6807.6900000000         0.0042854836
     6823.3800000000         0.0043047904
     6839.1100000000         0.0042683291
     6854.8800000000         0.0042291586
     6870.6800000000         0.0042759203
     6886.5200000000         0.0043047573
     6902.4000000000         0.0043001696
     6918.3100000000         0.0042794738
     6934.2600000000         0.0042539304
     6950.2400000000         0.0042326828
     6966.2600000000         0.0042567076
     6982.3200000000         0.0042576240
     6998.4200000000         0.0042178803
     7014.5500000000         0.0041786251
     7030.7200000000         0.0042150975
     7046.9300000000         0.0041867327
     7063.1800000000         0.0041154516
     7079.4600000000         0.0040378468
     7095.7700000000         0.0039710971
     7112.1400000000         0.0039180098
     7128.5300000000         0.0038559884
     7144.9600000000         0.0038368693
     7161.4300000000         0.0038458402
     7177.9400000000         0.0038312702
     7194.4900000000         0.0038120796
     7211.0700000000         0.0038773769
     7227.7000000000         0.0039295191
     7244.3600000000         0.0039398768
     7261.0600000000         0.0039399834
     7277.8000000000         0.0039157099
     7294.5700000000         0.0039014325
     7311.3900000000         0.0039750854
     7328.2500000000         0.0039701122
     7345.1400000000         0.0039828615
     7362.0700000000         0.0040484122
     7379.0400000000         0.0040343846
     7396.0500000000         0.0039734757
     7413.1000000000         0.0039950530
     7430.1900000000         0.0040578563
     7447.3200000000         0.0040436410
     7464.4900000000         0.0040771184
     7481.6900000000         0.0040733884
     7498.9400000000         0.0040793386
     7516.2300000000         0.0041131843
     7533.5500000000         0.0041416707
     7550.9200000000         0.0041540628
     7568.3300000000         0.0041179578
     7585.7700000000         0.0040420792
     7603.2600000000         0.0039910567
     7620.7900000000         0.0039493227
     7638.3600000000         0.0038913197
     7655.9600000000         0.0038016359
     7673.6100000000         0.0037251113
     7691.3000000000         0.0037921383
     7709.0300000000         0.0037206388
     7726.8100000000         0.0037282296
     7744.6200000000         0.0037072317
     7762.4700000000         0.0037184150
     7780.3600000000         0.0037414238
     7798.3000000000         0.0037470439
     7816.2800000000         0.0037355747
     7834.2900000000         0.0037163547
     7852.3600000000         0.0036850967
     7870.4600000000         0.0036871159
     7888.6000000000         0.0036339781
     7906.7900000000         0.0035639643
     7925.0100000000         0.0035720987
     7943.2800000000         0.0035535810
     7961.5900000000         0.0035859933
     7979.9500000000         0.0036248716
     7998.3400000000         0.0036479197
     8016.7800000000         0.0036682256
     8035.2600000000         0.0036558167
     8053.7800000000         0.0036410529
     8072.3500000000         0.0036497060
     8090.9600000000         0.0036006649
     8109.6100000000         0.0036077998
     8128.3000000000         0.0036777535
     8147.0400000000         0.0037125775
     8165.8200000000         0.0037230942
     8184.6500000000         0.0036441446
     8203.5100000000         0.0036034626
     8222.4300000000         0.0035985841
     8241.3800000000         0.0036007876
     8260.3800000000         0.0036107064
     8279.4200000000         0.0036091870
     8298.5100000000         0.0035491211
     8317.6300000000         0.0034783182
     8336.8100000000         0.0034711182
     8356.0300000000         0.0034732320
     8375.2900000000         0.0034606862
     8394.6000000000         0.0034237893
     8413.9500000000         0.0034644390
     8433.3500000000         0.0033793380
     8452.7900000000         0.0033407991
     8472.2700000000         0.0033314910
     8491.8000000000         0.0033489328
     8511.3800000000         0.0032341864
     8531.0000000000         0.0033488960
     8550.6700000000         0.0031238704
     8570.3800000000         0.0034177620
     8590.1400000000         0.0033424310
     8609.9400000000         0.0033588312
     8629.7800000000         0.0034551269
     8649.6700000000         0.0034416080
     8669.6200000000         0.0031321880
     8689.6000000000         0.0033560814
     8709.6300000000         0.0034689051
     8729.7100000000         0.0034372020
     8749.8400000000         0.0033161188
     8770.0000000000         0.0034458954
     8790.2300000000         0.0035101259
     8810.4900000000         0.0033942305
     8830.8000000000         0.0034449173
     8851.1500000000         0.0033905434
     8871.5600000000         0.0032691525
     8892.0100000000         0.0033377293
     8912.5100000000         0.0033744413
     8933.0500000000         0.0033355949
     8953.6500000000         0.0033535745
     8974.2800000000         0.0033451079
     8994.9800000000         0.0032930316
     9015.7100000000         0.0032202206
     9036.4900000000         0.0033391172
     9057.3300000000         0.0034034776
     9078.2000000000         0.0033668363
     9099.1300000000         0.0033315320
     9120.1000000000         0.0033744681
     9141.1300000000         0.0033883380
     9162.2000000000         0.0033684643
     9183.3200000000         0.0033666417
     9204.5000000000         0.0032597487
     9225.7100000000         0.0031440353
     9246.9800000000         0.0031583617
     9268.3000000000         0.0032194578
     9289.6600000000         0.0032229873
     9311.0800000000         0.0032102372
     9332.5400000000         0.0032167442
     9354.0600000000         0.0031917035
     9375.6200000000         0.0031794349
     9397.2300000000         0.0031780503
     9418.9000000000         0.0031620227
     9440.6100000000         0.0031552173
     9462.3700000000         0.0031641738
     9484.1800000000         0.0031910213
     9506.0500000000         0.0031503534
     9527.9600000000         0.0031457590
     9549.9200000000         0.0030327048
     9571.9400000000         0.0031248641
     9594.0000000000         0.0031586401
     9616.1200000000         0.0031383047
     9638.2900000000         0.0031213395
     9660.5100000000         0.0030927698
     9682.7700000000         0.0031127667
     9705.1000000000         0.0031005279
     9727.4700000000         0.0030687270
     9749.8900000000         0.0030279937
     9772.3700000000         0.0030537634
     9794.9000000000         0.0030285968
     9817.4800000000         0.0030807618
     9840.1100000000         0.0030667526
     9862.7900000000         0.0030354580
     9885.5300000000         0.0030146483
     9908.3200000000         0.0030027698
     9931.1600000000         0.0030295516
     9954.0500000000         0.0030274373
     9977.0000000000         0.0030232484
    10000.0000000000         0.0030064916
    10000.0000000000         0.0030064916
    10115.8000000000         0.0029399802
    10232.9400000000         0.0028958379
    10351.4200000000         0.0028608302
    10471.2900000000         0.0027938175
    10592.5400000000         0.0027374695
    10715.2000000000         0.0026820840
    10839.2700000000         0.0025994966
    10964.7800000000         0.0024944604
    11091.7500000000         0.0024376777
    11220.1900000000         0.0024451222
    11350.1000000000         0.0023679028
    11481.5400000000         0.0023475713
    11614.4900000000         0.0023168451
    11748.9800000000         0.0022642792
    11885.0200000000         0.0021982873
    12022.6400000000         0.0021798431
    12161.8600000000         0.0021427211
    12302.6900000000         0.0020976113
    12445.1400000000         0.0020440966
    12589.2500000000         0.0020133962
    12735.0300000000         0.0019927379
    12882.5000000000         0.0019302868
    13031.6600000000         0.0019338585
    13182.5600000000         0.0018792528
    13335.2100000000         0.0018388206
    13489.6300000000         0.0018347797
    13645.8400000000         0.0017741250
    13803.8400000000         0.0017725893
    13963.6800000000         0.0016813397
    14125.3800000000         0.0016118457
    14288.9500000000         0.0016183353
    14454.3900000000         0.0015915026
    14621.7700000000         0.0015624784
    14791.0900000000         0.0015362415
    14962.3600000000         0.0015576663
    15135.6100000000         0.0015241640
    15310.8700000000         0.0015392563
    15488.1700000000         0.0015129942
    15667.5200000000         0.0014830555
    15848.9200000000         0.0014160636
    16032.4500000000         0.0014338571
    16218.1000000000         0.0014050300
    16405.9000000000         0.0014185595
    16595.8600000000         0.0013752165
    16788.0400000000         0.0013753880
    16982.4400000000         0.0013388778
    17179.0900000000         0.0013054558
    17378.0000000000         0.0012519872
    17579.2300000000         0.0012310139
    17782.7900000000         0.0011736705
    17988.7100000000         0.0011002860
    18197.0200000000         0.0010690143
    18407.7100000000         0.0010314665
    18620.8700000000         0.0010013655
    18836.4900000000         0.0009590675
    19054.6200000000         0.0009664161
    19275.2400000000         0.0009230296
    19498.4400000000         0.0008633503
    19724.2300000000         0.0008423871
    19952.6300000000         0.0008214372
    20183.6600000000         0.0008084206
    20417.3800000000         0.0007545447
    20653.8000000000         0.0007192661
    20892.9700000000         0.0007169822
    21134.8800000000         0.0006821675
    21379.6200000000         0.0006633748
    21627.1900000000         0.0006342909
    21877.6200000000         0.0006030138
    22130.9400000000         0.0005707617
    22387.2100000000         0.0005654477
    22646.4400000000         0.0005359554
    22908.6800000000         0.0004847163
    23173.9300000000         0.0004876180
    23442.2800000000         0.0004507244
    23713.7400000000         0.0004312379
    23988.3400000000         0.0004127072
    24266.1100000000         0.0003633176
    24547.0800000000         0.0003356765
    24831.3300000000         0.0002940299
    25118.8700000000         0.0002773674
    25409.7400000000         0.0002801275
    25703.9500000000         0.0002853343
    26001.5900000000         0.0002856539
    26302.6800000000         0.0002861773
    26607.2600000000         0.0002855087
    26915.3400000000         0.0002721826
    27227.0100000000         0.0002767788
    27542.2900000000         0.0002710369
    27861.2200000000         0.0002681514
    28183.8200000000         0.0002560553
    28510.1800000000         0.0002353039
    28840.3200000000         0.0002296586
    29174.2800000000         0.0002151525
    29512.0800000000         0.0001975040
    29853.8200000000         0.0001859072
    30199.5200000000         0.0001823471
    30549.2200000000         0.0001765258
    30902.9400000000         0.0001718190
    31260.7900000000         0.0001675210
    31622.7800000000         0.0001623582
    31988.9600000000         0.0001605712
    32359.3500000000         0.0001650740
    32734.0600000000         0.0001753094
    33113.1100000000         0.0001749389
    33496.5500000000         0.0001565152
    33884.4300000000         0.0001386249
    34276.7700000000         0.0001299778
    34673.6800000000         0.0001252130
    35075.2000000000         0.0001208276
    35481.3600000000         0.0001163104
    35892.1800000000         0.0001117788
    36307.8000000000         0.0001080259
    36728.2300000000         0.0001037588
    37153.5400000000         0.0000995611
    37583.7200000000         0.0000955871
    38018.9300000000         0.0000921910
    38459.1800000000         0.0000891638
    38904.5300000000         0.0000855486
    39354.9900000000         0.0000823523
    39810.7100000000         0.0000787664
    40271.7100000000         0.0000762685
    40738.0400000000         0.0000732457
    41209.7300000000         0.0000706783
    41686.9300000000         0.0000678630
    42169.6500000000         0.0000654558
    42657.9600000000         0.0000632643
    43151.8800000000         0.0000570818
    43651.5700000000         0.0000536488
    44157.0400000000         0.0000503495
    44668.3700000000         0.0000481521
    45185.6200000000         0.0000465828
    45708.8000000000         0.0000457590
    46238.1000000000         0.0000443631
    46773.5200000000         0.0000435986
    47315.1500000000         0.0000427394
    47862.9900000000         0.0000416791
    48417.2300000000         0.0000408895
    48977.8900000000         0.0000397593
    49545.0400000000         0.0000388430
    50118.7000000000         0.0000380526
    50699.0600000000         0.0000371753
    51286.1400000000         0.0000363982
    51880.0200000000         0.0000356770
    52480.7200000000         0.0000349361
    53088.4300000000         0.0000341047
    53703.1800000000         0.0000335196
    54325.0500000000         0.0000329054
    54954.0600000000         0.0000324175
    55590.4100000000         0.0000321493
    56234.1300000000         0.0000321933
    56885.3100000000         0.0000326490
    57543.9600000000         0.0000336482
    58210.3000000000         0.0000353421
    58884.3600000000         0.0000379369
    59566.2300000000         0.0000417807
    60255.9900000000         0.0000472984
    60953.6700000000         0.0000519299
    61659.5000000000         0.0000782782
    62373.5000000000         0.0001125997
    63095.7600000000         0.0000830650
    63826.3200000000         0.0000590053
    64565.4100000000         0.0000415458
    65313.0600000000         0.0000372728
    66069.3700000000         0.0000421218
    66834.3600000000         0.0000434253
    67608.2900000000         0.0000448864
    68391.1700000000         0.0000442444
    69183.1200000000         0.0000481044
    69984.1600000000         0.0000604200
    70794.5600000000         0.0000511236
    71614.3400000000         0.0000529827
    72443.6200000000         0.0000567040
    73282.4100000000         0.0000612324
    74131.0100000000         0.0000683919
    74989.4200000000         0.0000904191
    75857.7800000000         0.0001037056
    76736.1000000000         0.0001164320
    77624.6900000000         0.0001119890
    78523.5600000000         0.0001092803
    79432.8400000000         0.0000983259
    80352.6500000000         0.0000792956
    81283.0200000000         0.0000635371
    82224.2600000000         0.0000561903
    83176.3900000000         0.0000551480
    84139.5500000000         0.0000544424
    85113.7700000000         0.0000570030
    86099.3700000000         0.0000612030
    87096.3700000000         0.0000546598
    88104.9200000000         0.0000411297
    89125.0500000000         0.0000296016
    90157.1000000000         0.0000242871
    91201.0900000000         0.0000212158
    92257.1700000000         0.0000180081
    93325.3800000000         0.0000166789
    94406.0700000000         0.0000166782
    95499.2700000000         0.0000167019
    96605.1200000000         0.0000193254
    97723.6700000000         0.0000185028
    98855.2800000000         0.0000162088
   100000.0000000000         0.0000167872
   101157.9700000000         0.0000167671
   102329.2400000000         0.0000169526
   103514.1900000000         0.0000170147
   104712.8500000000         0.0000181021
   105925.4000000000         0.0000208350
   107151.9800000000         0.0000219312
   108392.6600000000         0.0000225478
   109647.8100000000         0.0000256333
   110917.5000000000         0.0000349449
   112201.9000000000         0.0000621982
   113501.0400000000         0.0000700845
   114815.3400000000         0.0000495337
   116144.8800000000         0.0000345307
   117489.8000000000         0.0000279549
   118850.1700000000         0.0000270806
   120226.4200000000         0.0000292985
   121618.6100000000         0.0000268002
   123026.9200000000         0.0000288893
   124451.4000000000         0.0000303046
   125892.5200000000         0.0000333906
   127350.3100000000         0.0000404779
   128824.9900000000         0.0000349397
   130316.6100000000         0.0000209675
   131825.6400000000         0.0000185613
   133352.1400000000         0.0000179647
   134896.3300000000         0.0000167511
   136458.2300000000         0.0000163383
   138038.3900000000         0.0000147686
   139636.8300000000         0.0000145751
   141253.7800000000         0.0000150518
   142889.4700000000         0.0000153966
   144543.9200000000         0.0000137443
   146217.7000000000         0.0000116425
   147910.8600000000         0.0000105362
   149623.6200000000         0.0000101742
   151356.0600000000         0.0000100290
   153108.7200000000         0.0000108268
   154881.6900000000         0.0000137061
   156675.1700000000         0.0000108832
   158489.2500000000         0.0000108803
   160324.5200000000         0.0000109803
   162181.0300000000         0.0000126726
   164059.0300000000         0.0000149801
   165958.6100000000         0.0000151610
   167880.3600000000         0.0000154838
   169824.3800000000         0.0000180194
   171790.8900000000         0.0000162305
   173779.9800000000         0.0000143227
   175792.3100000000         0.0000116868
   177827.9400000000         0.0000106634
   179887.1400000000         0.0000097550
   181969.9800000000         0.0000095294
   184077.1400000000         0.0000093460
   186208.7000000000         0.0000091664
   188364.9500000000         0.0000089905
   190545.9500000000         0.0000087984
   192752.4200000000         0.0000085519
   194984.4400000000         0.0000083115
   197242.3100000000         0.0000080771
   199526.3100000000         0.0000078486
