        1.0000000000         0.0000000000
      316.2300000000         0.0000000000
      316.9600000000         0.0000000000
      317.6900000000         0.0000000000
      318.4200000000         0.0000000000
      319.1500000000         0.0000000000
      319.8900000000         0.0000000000
      320.6300000000         0.0000000000
      321.3700000000         0.0000000000
      322.1100000000         0.0000000000
      322.8500000000         0.0000000000
      323.5900000000         0.0000000000
      324.3400000000         0.0000000000
      325.0900000000         0.0000000000
      325.8400000000         0.0000000000
      326.5900000000         0.0000000000
      327.3400000000         0.0000000000
      328.1000000000         0.0000000000
      328.8500000000         0.0000000000
      329.6100000000         0.0000000000
      330.3700000000         0.0000000000
      331.1300000000         0.0000000000
      331.8900000000         0.0000000000
      332.6600000000         0.0000000000
      333.4300000000         0.0000000000
      334.1900000000         0.0000000000
      334.9700000000         0.0000000000
      335.7400000000         0.0000000000
      336.5100000000         0.0000000000
      337.2900000000         0.0000000000
      338.0600000000         0.0000000000
      338.8400000000         0.0000000000
      339.6300000000         0.0000000000
      340.4100000000         0.0000000000
      341.1900000000         0.0000000000
      341.9800000000         0.0000000000
      342.7700000000         0.0000000000
      343.5600000000         0.0000000000
      344.3500000000         0.0000000000
      345.1400000000         0.0000000000
      345.9400000000         0.0000000000
      346.7400000000         0.0000000000
      347.5400000000         0.0000000000
      348.3400000000         0.0000000000
      349.1400000000         0.0000000000
      349.9500000000         0.0000000000
      350.7500000000         0.0000000000
      351.5600000000         0.0000000000
      352.3700000000         0.0000000000
      353.1800000000         0.0000000000
      354.0000000000         0.0000000000
      354.8100000000         0.0000000000
      355.6300000000         0.0000000000
      356.4500000000         0.0000000000
      357.2700000000         0.0000000000
      358.1000000000         0.0000000000
      358.9200000000         0.0000000000
      359.7500000000         0.0000000000
      360.5800000000         0.0000000000
      361.4100000000         0.0000000000
      362.2400000000         0.0000000000
      363.0800000000         0.0000000000
      363.9200000000         0.0000000000
      364.7500000000         0.0000000000
      365.5900000000         0.0000000000
      366.4400000000         0.0000000000
      367.2800000000         0.0000000000
      368.1300000000         0.0000000000
      368.9800000000         0.0000000000
      369.8300000000         0.0000000000
      370.6800000000         0.0000000000
      371.5400000000         0.0000000000
      372.3900000000         0.0000000000
      373.2500000000         0.0000000000
      374.1100000000         0.0000000000
      374.9700000000         0.0000000000
      375.8400000000         0.0000000000
      376.7000000000         0.0000000000
      377.5700000000         0.0000000000
      378.4400000000         0.0000000000
      379.3100000000         0.0000000000
      380.1900000000         0.0000000000
      381.0700000000         0.0000000000
      381.9400000000         0.0000000000
      382.8200000000         0.0000000000
      383.7100000000         0.0000000000
      384.5900000000         0.0000000000
      385.4800000000         0.0000000000
      386.3700000000         0.0000000000
      387.2600000000         0.0000000000
      388.1500000000         0.0000000000
      389.0500000000         0.0000000000
      389.9400000000         0.0000000000
      390.8400000000         0.0000000000
      391.7400000000         0.0000000000
      392.6500000000         0.0000000000
      393.5500000000         0.0000000000
      394.4600000000         0.0000000000
      395.3700000000         0.0000000000
      396.2800000000         0.0000000000
      397.1900000000         0.0000000000
      398.1100000000         0.0000000000
      399.0200000000         0.0000000000
      399.9400000000         0.0000000000
      400.8700000000         0.0000000000
      401.7900000000         0.0000000000
      402.7200000000         0.0000000000
      403.6500000000         0.0000000000
      404.5800000000         0.0000000000
      405.5100000000         0.0000000000
      406.4400000000         0.0000000000
      407.3800000000         0.0000000000
      408.3200000000         0.0000000000
      409.2600000000         0.0000000000
      410.2000000000         0.0000000000
      411.1500000000         0.0000000000
      412.1000000000         0.0000000000
      413.0500000000         0.0000000000
      414.0000000000         0.0000000000
      414.9500000000         0.0000000000
      415.9100000000         0.0000000000
      416.8700000000         0.0000000000
      417.8300000000         0.0000000000
      418.7900000000         0.0000000000
      419.7600000000         0.0000000000
      420.7300000000         0.0000000000
      421.7000000000         0.0000000000
      422.6700000000         0.0000000000
      423.6400000000         0.0000000000
      424.6200000000         0.0000000000
      425.6000000000         0.0000000000
      426.5800000000         0.0000000000
      427.5600000000         0.0000000000
      428.5500000000         0.0000000000
      429.5400000000         0.0000000000
      430.5300000000         0.0000000000
      431.5200000000         0.0000000000
      432.5100000000         0.0000000000
      433.5100000000         0.0000000000
      434.5100000000         0.0000000000
      435.5100000000         0.0000000000
      436.5200000000         0.0000000000
      437.5200000000         0.0000000000
      438.5300000000         0.0000000000
      439.5400000000         0.0000000000
      440.5500000000         0.0000000000
      441.5700000000         0.0000000000
      442.5900000000         0.0000000000
      443.6100000000         0.0000000000
      444.6300000000         0.0000000000
      445.6600000000         0.0000000000
      446.6800000000         0.0000000000
      447.7100000000         0.0000000000
      448.7500000000         0.0000000000
      449.7800000000         0.0000000000
      450.8200000000         0.0000000000
      451.8600000000         0.0000000000
      452.9000000000         0.0000000000
      453.9400000000         0.0000000000
      454.9900000000         0.0000000000
      456.0400000000         0.0000000000
      457.0900000000         0.0000000000
      458.1400000000         0.0000000000
      459.2000000000         0.0000000000
      460.2600000000         0.0000000000
      461.3200000000         0.0000000000
      462.3800000000         0.0000000000
      463.4500000000         0.0000000000
      464.5200000000         0.0000000000
      465.5900000000         0.0000000000
      466.6600000000         0.0000000000
      467.7400000000         0.0000000000
      468.8100000000         0.0000000000
      469.8900000000         0.0000000000
      470.9800000000         0.0000000000
      472.0600000000         0.0000000000
      473.1500000000         0.0000000000
      474.2400000000         0.0000000000
      475.3400000000         0.0000000000
      476.4300000000         0.0000000000
      477.5300000000         0.0000000000
      478.6300000000         0.0000000000
      479.7300000000         0.0000000000
      480.8400000000         0.0000000000
      481.9500000000         0.0000000000
      483.0600000000         0.0000000000
      484.1700000000         0.0000000000
      485.2900000000         0.0000000000
      486.4100000000         0.0000000000
      487.5300000000         0.0000000000
      488.6500000000         0.0000000000
      489.7800000000         0.0000000000
      490.9100000000         0.0000000000
      492.0400000000         0.0000000000
      493.1700000000         0.0000000000
      494.3100000000         0.0000000000
      495.4500000000         0.0000000000
      496.5900000000         0.0000000000
      497.7400000000         0.0000000000
      498.8800000000         0.0000000000
      500.0300000000         0.0000000000
      501.1900000000         0.0000000000
      502.3400000000         0.0000000000
      503.5000000000         0.0000000000
      504.6600000000         0.0000000000
      505.8200000000         0.0000000000
      506.9900000000         0.0000000000
      508.1600000000         0.0000000000
      509.3300000000         0.0000000000
      510.5000000000         0.0000000000
      511.6800000000         0.0000000000
      512.8600000000         0.0000000000
      514.0400000000         0.0000000000
      515.2300000000         0.0000000000
      516.4200000000         0.0000000000
      517.6100000000         0.0000000000
      518.8000000000         0.0000000000
      520.0000000000         0.0000000000
      521.1900000000         0.0000000000
      522.4000000000         0.0000000000
      523.6000000000         0.0000000000
      524.8100000000         0.0000000000
      526.0200000000         0.0000000000
      527.2300000000         0.0000000000
      528.4500000000         0.0000000000
      529.6600000000         0.0000000000
      530.8800000000         0.0000000000
      532.1100000000         0.0000000000
      533.3300000000         0.0000000000
      534.5600000000         0.0000000000
      535.8000000000         0.0000000000
      537.0300000000         0.0000000000
      538.2700000000         0.0000000000
      539.5100000000         0.0000000000
      540.7500000000         0.0000000000
      542.0000000000         0.0000000000
      543.2500000000         0.0000000000
      544.5000000000         0.0000000000
      545.7600000000         0.0000000000
      547.0200000000         0.0000000000
      548.2800000000         0.0000000000
      549.5400000000         0.0000000000
      550.8100000000         0.0000000000
      552.0800000000         0.0000000000
      553.3500000000         0.0000000000
      554.6300000000         0.0000000000
      555.9000000000         0.0000000000
      557.1900000000         0.0000000000
      558.4700000000         0.0000000000
      559.7600000000         0.0000000000
      561.0500000000         0.0000000000
      562.3400000000         0.0000000000
      563.6400000000         0.0000000000
      564.9400000000         0.0000000000
      566.2400000000         0.0000000000
      567.5400000000         0.0000000000
      568.8500000000         0.0000000000
      570.1600000000         0.0000000000
      571.4800000000         0.0000000000
      572.8000000000         0.0000000000
      574.1200000000         0.0000000000
      575.4400000000         0.0000000000
      576.7700000000         0.0000000000
      578.1000000000         0.0000000000
      579.4300000000         0.0000000000
      580.7600000000         0.0000000000
      582.1000000000         0.0000000000
      583.4500000000         0.0000000000
      584.7900000000         0.0000000000
      586.1400000000         0.0000000000
      587.4900000000         0.0000000000
      588.8400000000         0.0000000000
      590.2000000000         0.0000000000
      591.5600000000         0.0000000000
      592.9300000000         0.0000000000
      594.2900000000         0.0000000000
      595.6600000000         0.0000000000
      597.0400000000         0.0000000000
      598.4100000000         0.0000000000
      599.7900000000         0.0000000000
      601.1700000000         0.0000000000
      602.5600000000         0.0000000000
      603.9500000000         0.0000000000
      605.3400000000         0.0000000000
      606.7400000000         0.0000000000
      608.1300000000         0.0000000000
      609.5400000000         0.0000000000
      610.9400000000         0.0000000000
      612.3500000000         0.0000000000
      613.7600000000         0.0000000000
      615.1800000000         0.0000000000
      616.5900000000         0.0000000000
      618.0200000000         0.0000000000
      619.4400000000         0.0000000000
      620.8700000000         0.0000000000
      622.3000000000         0.0000000000
      623.7300000000         0.0000000000
      625.1700000000         0.0000000000
      626.6100000000         0.0000000000
      628.0600000000         0.0000000000
      629.5100000000         0.0000000000
      630.9600000000         0.0000000000
      632.4100000000         0.0000000000
      633.8700000000         0.0000000000
      635.3300000000         0.0000000000
      636.8000000000         0.0000000000
      638.2600000000         0.0000000000
      639.7300000000         0.0000000000
      641.2100000000         0.0000000000
      642.6900000000         0.0000000000
      644.1700000000         0.0000000000
      645.6500000000         0.0000000000
      647.1400000000         0.0000000000
      648.6300000000         0.0000000000
      650.1300000000         0.0000000000
      651.6300000000         0.0000000000
      653.1300000000         0.0000000000
      654.6400000000         0.0000000000
      656.1500000000         0.0000000000
      657.6600000000         0.0000000000
      659.1700000000         0.0000000000
      660.6900000000         0.0000000000
      662.2200000000         0.0000000000
      663.7400000000         0.0000000000
      665.2700000000         0.0000000000
      666.8100000000         0.0000000000
      668.3400000000         0.0000000000
      669.8800000000         0.0000000000
      671.4300000000         0.0000000000
      672.9800000000         0.0000000000
      674.5300000000         0.0000000000
      676.0800000000         0.0000000000
      677.6400000000         0.0000000000
      679.2000000000         0.0000000000
      680.7700000000         0.0000000000
      682.3400000000         0.0000000000
      683.9100000000         0.0000000000
      685.4900000000         0.0000000000
      687.0700000000         0.0000000000
      688.6500000000         0.0000000000
      690.2400000000         0.0000000000
      691.8300000000         0.0000000000
      693.4300000000         0.0000000000
      695.0200000000         0.0000000000
      696.6300000000         0.0000000000
      698.2300000000         0.0000000000
      699.8400000000         0.0000000000
      701.4600000000         0.0000000000
      703.0700000000         0.0000000000
      704.6900000000         0.0000000000
      706.3200000000         0.0000000000
      707.9500000000         0.0000000000
      709.5800000000         0.0000000000
      711.2100000000         0.0000000000
      712.8500000000         0.0000000000
      714.5000000000         0.0000000000
      716.1400000000         0.0000000000
      717.7900000000         0.0000000000
      719.4500000000         0.0000000000
      721.1100000000         0.0000000000
      722.7700000000         0.0000000000
      724.4400000000         0.0000000000
      726.1100000000         0.0000000000
      727.7800000000         0.0000000000
      729.4600000000         0.0000000000
      731.1400000000         0.0000000000
      732.8200000000         0.0000000000
      734.5100000000         0.0000000000
      736.2100000000         0.0000000000
      737.9000000000         0.0000000000
      739.6100000000         0.0000000000
      741.3100000000         0.0000000000
      743.0200000000         0.0000000000
      744.7300000000         0.0000000000
      746.4500000000         0.0000000000
      748.1700000000         0.0000000000
      749.8900000000         0.0000000000
      751.6200000000         0.0000000000
      753.3600000000         0.0000000000
      755.0900000000         0.0000000000
      756.8300000000         0.0000000000
      758.5800000000         0.0000000000
      760.3300000000         0.0000000000
      762.0800000000         0.0000000000
      763.8400000000         0.0000000000
      765.6000000000         0.0000000000
      767.3600000000         0.0000000000
      769.1300000000         0.0000000000
      770.9000000000         0.0000000000
      772.6800000000         0.0000000000
      774.4600000000         0.0000000000
      776.2500000000         0.0000000000
      778.0400000000         0.0000000000
      779.8300000000         0.0000000000
      781.6300000000         0.0000000000
      783.4300000000         0.0000000000
      785.2400000000         0.0000000000
      787.0500000000         0.0000000000
      788.8600000000         0.0000000000
      790.6800000000         0.0000000000
      792.5000000000         0.0000000000
      794.3300000000         0.0000000000
      796.1600000000         0.0000000000
      797.9900000000         0.0000000000
      799.8300000000         0.0000000000
      801.6800000000         0.0000000000
      803.5300000000         0.0000000000
      805.3800000000         0.0000000000
      807.2400000000         0.0000000000
      809.1000000000         0.0000000000
      810.9600000000         0.0000000000
      812.8300000000         0.0000000000
      814.7000000000         0.0000000000
      816.5800000000         0.0000000000
      818.4600000000         0.0000000000
      820.3500000000         0.0000000000
      822.2400000000         0.0000000000
      824.1400000000         0.0000000000
      826.0400000000         0.0000000000
      827.9400000000         0.0000000000
      829.8500000000         0.0000000000
      831.7600000000         0.0000000000
      833.6800000000         0.0000000000
      835.6000000000         0.0000000000
      837.5300000000         0.0000000000
      839.4600000000         0.0000000000
      841.4000000000         0.0000000000
      843.3300000000         0.0000000000
      845.2800000000         0.0000000000
      847.2300000000         0.0000000000
      849.1800000000         0.0000000000
      851.1400000000         0.0000000000
      853.1000000000         0.0000000000
      855.0700000000         0.0000000000
      857.0400000000         0.0000000000
      859.0100000000         0.0000000000
      860.9900000000         0.0000000000
      862.9800000000         0.0000000000
      864.9700000000         0.0000000000
      866.9600000000         0.0000000000
      868.9600000000         0.0000000000
      870.9600000000         0.0000000000
      872.9700000000         0.0000000000
      874.9800000000         0.0000000000
      877.0000000000         0.0000000000
      879.0200000000         0.0000000000
      881.0500000000         0.0000000000
      883.0800000000         0.0000000000
      885.1200000000         0.0000000000
      887.1600000000         0.0000000000
      889.2000000000         0.0000000000
      891.2500000000         0.0000000000
      893.3100000000         0.0000000000
      895.3600000000         0.0000000000
      897.4300000000         0.0000000000
      899.5000000000         0.0000000000
      901.5700000000         0.0238211267
      903.6500000000         0.0237070564
      905.7300000000         0.0236285999
      907.8200000000         0.0236150306
      909.9100000000         0.0236013066
      912.0100000000         0.0235874187
      914.1100000000         0.0235733837
      916.2200000000         0.0268092379
      918.3300000000         0.0323802754
      920.4500000000         0.0379113816
      922.5700000000         0.0434040129
      924.7000000000         0.0488597713
      926.8300000000         0.0541388355
      928.9700000000         0.0593585037
      931.1100000000         0.0645416752
      933.2500000000         0.0696895197
      935.4100000000         0.0749213174
      937.5600000000         0.0806365758
      939.7200000000         0.0863128379
      941.8900000000         0.0919479132
      944.0600000000         0.0975432545
      946.2400000000         0.1013567075
      948.4200000000         0.1038216427
      950.6000000000         0.1062684804
      952.8000000000         0.1086973771
      954.9900000000         0.1111089736
      957.1900000000         0.1139268801
      959.4000000000         0.1167255268
      961.6100000000         0.1195044294
      963.8300000000         0.1222622618
      966.0500000000         0.1172764376
      968.2800000000         0.1037319899
      970.5100000000         0.0902830437
      972.7500000000         0.0769258142
      974.9900000000         0.0636563078
      977.2400000000         0.0748525858
      979.4900000000         0.0860818326
      981.7500000000         0.0972325429
      984.0100000000         0.1083083600
      986.2800000000         0.1120209172
      988.5500000000         0.1100905612
      990.8300000000         0.1081718728
      993.1200000000         0.1062657163
      995.4100000000         0.1051323190
      997.7000000000         0.1075351387
     1000.0000000000         0.1099196747
     1002.3100000000         0.1122866347
     1004.6200000000         0.1146361902
     1006.9300000000         0.1144488230
     1009.2500000000         0.1137611941
     1011.5800000000         0.1130771041
     1013.9100000000         0.1123963520
     1016.2500000000         0.1069102511
     1018.5900000000         0.0972777978
     1020.9400000000         0.0877082720
     1023.2900000000         0.0782060772
     1025.6500000000         0.0733317286
     1028.0200000000         0.0804165527
     1030.3900000000         0.0874500573
     1032.7600000000         0.0944343135
     1035.1400000000         0.1012460887
     1037.5300000000         0.1060666591
     1039.9200000000         0.1108519360
     1042.3200000000         0.1156030595
     1044.7200000000         0.1203213930
     1047.1300000000         0.1199247316
     1049.5400000000         0.1188636124
     1051.9600000000         0.1178083122
     1054.3900000000         0.1167592630
     1056.8200000000         0.1143613830
     1059.2500000000         0.1115229353
     1061.7000000000         0.1087022573
     1064.1400000000         0.1059003100
     1066.6000000000         0.1056151539
     1069.0500000000         0.1066698134
     1071.5200000000         0.1077159196
     1073.9900000000         0.1087536141
     1076.4700000000         0.1072148457
     1078.9500000000         0.1039185598
     1081.4300000000         0.1006438360
     1083.9300000000         0.0973905921
     1086.4300000000         0.0976519212
     1088.9300000000         0.1005345657
     1091.4400000000         0.1033964008
     1093.9600000000         0.1062379330
     1096.4800000000         0.1066248193
     1099.0100000000         0.1052938700
     1101.5400000000         0.1039706990
     1104.0800000000         0.1026557907
     1106.6200000000         0.1018596217
     1109.1800000000         0.1013568714
     1111.7300000000         0.1008566469
     1114.2900000000         0.1003587916
     1116.8600000000         0.0985923484
     1119.4400000000         0.0963561982
     1122.0200000000         0.0941350237
     1124.6000000000         0.0919281095
     1127.2000000000         0.0930580944
     1129.8000000000         0.0947753638
     1132.4000000000         0.0964798108
     1135.0100000000         0.0981590152
     1137.6300000000         0.0967877060
     1140.2500000000         0.0954248309
     1142.8800000000         0.0940703824
     1145.5100000000         0.0929443538
     1148.1500000000         0.0927350000
     1150.8000000000         0.0925261304
     1153.4500000000         0.0923176631
     1156.1100000000         0.0920324326
     1158.7800000000         0.0916409865
     1161.4500000000         0.0912511796
     1164.1300000000         0.0908631608
     1166.8100000000         0.0872701779
     1169.5000000000         0.0821540654
     1172.2000000000         0.0770736262
     1174.9000000000         0.0720275566
     1177.6100000000         0.0753728002
     1180.3200000000         0.0790235475
     1183.0400000000         0.0826474503
     1185.7700000000         0.0847374052
     1188.5000000000         0.0829762593
     1191.2400000000         0.0812267363
     1193.9900000000         0.0794884339
     1196.7400000000         0.0773822814
     1199.5000000000         0.0750708431
     1202.2600000000         0.0727744177
     1205.0400000000         0.0704411566
     1207.8100000000         0.0641256049
     1210.6000000000         0.0578540936
     1213.3900000000         0.0516252927
     1216.1900000000         0.0508322380
     1218.9900000000         0.0573547371
     1221.8000000000         0.0638317540
     1224.6200000000         0.0702651665
     1227.4400000000         0.0728603825
     1230.2700000000         0.0748419017
     1233.1000000000         0.0768089518
     1235.9500000000         0.0781212598
     1238.8000000000         0.0781444013
     1241.6500000000         0.0781665370
     1244.5100000000         0.0781877115
     1247.3800000000         0.0777507275
     1250.2600000000         0.0772230625
     1253.1400000000         0.0766980723
     1256.0300000000         0.0761614367
     1258.9300000000         0.0756014287
     1261.8300000000         0.0750443637
     1264.7400000000         0.0744904727
     1267.6500000000         0.0749583989
     1270.5700000000         0.0755234212
     1273.5000000000         0.0760838613
     1276.4400000000         0.0762456059
     1279.3800000000         0.0759965256
     1282.3300000000         0.0757483169
     1285.2900000000         0.0753488913
     1288.2500000000         0.0735375807
     1291.2200000000         0.0717374980
     1294.2000000000         0.0699495077
     1297.1800000000         0.0693682358
     1300.1700000000         0.0692303106
     1303.1700000000         0.0690925866
     1306.1700000000         0.0693510473
     1309.1800000000         0.0702256188
     1312.2000000000         0.0710936189
     1315.2200000000         0.0718275085
     1318.2600000000         0.0709743425
     1321.3000000000         0.0701260641
     1324.3400000000         0.0692831054
     1327.3900000000         0.0684134364
     1330.4500000000         0.0675401315
     1333.5200000000         0.0666722879
     1336.6000000000         0.0664318576
     1339.6800000000         0.0667676106
     1342.7700000000         0.0671004355
     1345.8600000000         0.0672147796
     1348.9600000000         0.0667692348
     1352.0700000000         0.0663259551
     1355.1900000000         0.0658545792
     1358.3100000000         0.0649142861
     1361.4400000000         0.0639795661
     1364.5800000000         0.0630507842
     1367.7300000000         0.0626422688
     1370.8800000000         0.0623143204
     1374.0400000000         0.0619878843
     1377.2100000000         0.0617207587
     1380.3800000000         0.0614797398
     1383.5700000000         0.0612396821
     1386.7600000000         0.0595037341
     1389.9500000000         0.0565597601
     1393.1600000000         0.0536347106
     1396.3700000000         0.0517681502
     1399.5900000000         0.0513090752
     1402.8100000000         0.0508525074
     1406.0500000000         0.0512494259
     1409.2900000000         0.0534145460
     1412.5400000000         0.0555641875
     1415.7900000000         0.0569896251
     1419.0600000000         0.0562092774
     1422.3300000000         0.0554337278
     1425.6100000000         0.0548450463
     1428.8900000000         0.0550593697
     1432.1900000000         0.0552716367
     1435.4900000000         0.0554483719
     1438.8000000000         0.0554311909
     1442.1200000000         0.0553992838
     1445.4400000000         0.0549715534
     1448.7700000000         0.0544577092
     1452.1100000000         0.0538692996
     1455.4600000000         0.0532829985
     1458.8100000000         0.0526912473
     1462.1800000000         0.0521031469
     1465.5500000000         0.0515776165
     1468.9300000000         0.0513590612
     1472.3100000000         0.0511415154
     1475.7100000000         0.0509319641
     1479.1100000000         0.0507500172
     1482.5200000000         0.0505687334
     1485.9400000000         0.0503379516
     1489.3600000000         0.0499751754
     1492.7900000000         0.0496142842
     1496.2400000000         0.0491683558
     1499.6800000000         0.0485698320
     1503.1400000000         0.0479747914
     1506.6100000000         0.0471280813
     1510.0800000000         0.0459920764
     1513.5600000000         0.0454968959
     1517.0500000000         0.0457750410
     1520.5500000000         0.0455688238
     1524.0500000000         0.0453635491
     1527.5700000000         0.0442862734
     1531.0900000000         0.0428946652
     1534.6200000000         0.0415121540
     1538.1500000000         0.0405260660
     1541.7000000000         0.0395935774
     1545.2500000000         0.0387161113
     1548.8200000000         0.0384796970
     1552.3900000000         0.0382445604
     1555.9700000000         0.0382663682
     1559.5500000000         0.0389782265
     1563.1500000000         0.0396849662
     1566.7500000000         0.0402201377
     1570.3600000000         0.0405758657
     1573.9800000000         0.0409287922
     1577.6100000000         0.0409745388
     1581.2500000000         0.0409012921
     1584.8900000000         0.0408280939
     1588.5500000000         0.0407309271
     1592.2100000000         0.0406332761
     1595.8800000000         0.0404210389
     1599.5600000000         0.0398463532
     1603.2500000000         0.0392751880
     1606.9400000000         0.0388392583
     1610.6500000000         0.0385246463
     1614.3600000000         0.0382118784
     1618.0800000000         0.0380125493
     1621.8100000000         0.0378373787
     1625.5500000000         0.0377040692
     1629.3000000000         0.0378092825
     1633.0500000000         0.0379133932
     1636.8200000000         0.0378110558
     1640.5900000000         0.0374893881
     1644.3700000000         0.0371695384
     1648.1600000000         0.0370849781
     1651.9600000000         0.0370469578
     1655.7700000000         0.0370224826
     1659.5900000000         0.0370516293
     1663.4100000000         0.0370801836
     1667.2500000000         0.0365485176
     1671.0900000000         0.0356254280
     1674.9400000000         0.0365540981
     1678.8000000000         0.0372027010
     1682.6700000000         0.0368880145
     1686.5500000000         0.0365228802
     1690.4400000000         0.0360820144
     1694.3400000000         0.0356438085
     1698.2400000000         0.0352472998
     1702.1600000000         0.0348612368
     1706.0800000000         0.0344498493
     1710.0200000000         0.0339684635
     1713.9600000000         0.0334901549
     1717.9100000000         0.0331752226
     1721.8700000000         0.0329194553
     1725.8400000000         0.0327682681
     1729.8200000000         0.0330022499
     1733.8000000000         0.0332342684
     1737.8000000000         0.0330940709
     1741.8100000000         0.0327967107
     1745.8200000000         0.0325558893
     1749.8500000000         0.0325290523
     1753.8800000000         0.0325020552
     1757.9200000000         0.0322003029
     1761.9800000000         0.0317952372
     1766.0400000000         0.0314426273
     1770.1100000000         0.0312372204
     1774.1900000000         0.0310328882
     1778.2800000000         0.0309692733
     1782.3800000000         0.0309402514
     1786.4900000000         0.0309056789
     1790.6100000000         0.0308614708
     1794.7300000000         0.0308172535
     1798.8700000000         0.0307304412
     1803.0200000000         0.0306409486
     1807.1700000000         0.0303013027
     1811.3400000000         0.0297358111
     1815.5200000000         0.0292421076
     1819.7000000000         0.0292351302
     1823.9000000000         0.0292278938
     1828.1000000000         0.0290538706
     1832.3100000000         0.0288214814
     1836.5400000000         0.0284406971
     1840.7700000000         0.0278013833
     1845.0200000000         0.0271679014
     1849.2700000000         0.0270413551
     1853.5300000000         0.0269153975
     1857.8000000000         0.0268803854
     1862.0900000000         0.0268925540
     1866.3800000000         0.0269317143
     1870.6800000000         0.0270279516
     1874.9900000000         0.0271232706
     1879.3200000000         0.0264487341
     1883.6500000000         0.0257775951
     1887.9900000000         0.0252847578
     1892.3400000000         0.0248736367
     1896.7100000000         0.0247522052
     1901.0800000000         0.0250776503
     1905.4600000000         0.0253256634
     1909.8500000000         0.0249358304
     1914.2600000000         0.0245483238
     1918.6700000000         0.0241737925
     1923.0900000000         0.0238036942
     1927.5200000000         0.0237904489
     1931.9700000000         0.0240445528
     1936.4200000000         0.0242386032
     1940.8900000000         0.0243076831
     1945.3600000000         0.0243177861
     1949.8400000000         0.0236637462
     1954.3400000000         0.0230139699
     1958.8400000000         0.0231391843
     1963.3600000000         0.0233954545
     1967.8900000000         0.0236309282
     1972.4200000000         0.0237875357
     1976.9700000000         0.0237903949
     1981.5300000000         0.0232318062
     1986.0900000000         0.0228219386
     1990.6700000000         0.0225855615
     1995.2600000000         0.0223670080
     1999.8600000000         0.0224194564
     2004.4700000000         0.0224713162
     2009.0900000000         0.0223704204
     2013.7200000000         0.0222504064
     2018.3700000000         0.0222650170
     2023.0200000000         0.0223300196
     2027.6800000000         0.0220950767
     2032.3600000000         0.0216410495
     2037.0400000000         0.0213628542
     2041.7400000000         0.0213098582
     2046.4400000000         0.0209644847
     2051.1600000000         0.0199616514
     2055.8900000000         0.0192147996
     2060.6300000000         0.0195437782
     2065.3800000000         0.0198988654
     2070.1400000000         0.0205779690
     2074.9100000000         0.0209419224
     2079.7000000000         0.0203636214
     2084.4900000000         0.0204582456
     2089.3000000000         0.0201633852
     2094.1100000000         0.0198244117
     2098.9400000000         0.0198142976
     2103.7800000000         0.0198775399
     2108.6300000000         0.0198618080
     2113.4900000000         0.0198196545
     2118.3600000000         0.0197826847
     2123.2400000000         0.0197480414
     2128.1400000000         0.0195979849
     2133.0400000000         0.0193842482
     2137.9600000000         0.0191703364
     2142.8900000000         0.0189566985
     2147.8300000000         0.0189117379
     2152.7800000000         0.0189914126
     2157.7400000000         0.0189087987
     2162.7200000000         0.0186961759
     2167.7000000000         0.0185564924
     2172.7000000000         0.0184778497
     2177.7100000000         0.0183435418
     2182.7300000000         0.0181625970
     2187.7600000000         0.0181012880
     2192.8000000000         0.0181374829
     2197.8600000000         0.0180620067
     2202.9300000000         0.0179016814
     2208.0000000000         0.0177139062
     2213.0900000000         0.0175076686
     2218.2000000000         0.0173373502
     2223.3100000000         0.0171886161
     2228.4400000000         0.0171221904
     2233.5700000000         0.0170960613
     2238.7200000000         0.0170006044
     2243.8800000000         0.0168790799
     2249.0500000000         0.0166861769
     2254.2400000000         0.0164746623
     2259.4400000000         0.0164413992
     2264.6400000000         0.0164385010
     2269.8600000000         0.0163709894
     2275.1000000000         0.0162989367
     2280.3400000000         0.0162201319
     2285.6000000000         0.0161158759
     2290.8700000000         0.0158115160
     2296.1500000000         0.0155712264
     2301.4400000000         0.0155556398
     2306.7500000000         0.0155036207
     2312.0600000000         0.0153778810
     2317.3900000000         0.0150023829
     2322.7400000000         0.0143231563
     2328.0900000000         0.0142711494
     2333.4600000000         0.0146744316
     2338.8400000000         0.0147120431
     2344.2300000000         0.0146038551
     2349.6300000000         0.0145801371
     2355.0500000000         0.0145689100
     2360.4800000000         0.0143978251
     2365.9200000000         0.0142441429
     2371.3700000000         0.0141717391
     2376.8400000000         0.0140475910
     2382.3200000000         0.0138216736
     2387.8100000000         0.0137314107
     2393.3200000000         0.0137694143
     2398.8300000000         0.0136911832
     2404.3600000000         0.0135625200
     2409.9100000000         0.0134858601
     2415.4600000000         0.0134209227
     2421.0300000000         0.0134081636
     2426.6100000000         0.0133506749
     2432.2000000000         0.0131835248
     2437.8100000000         0.0130932741
     2443.4300000000         0.0130788479
     2449.0600000000         0.0130123133
     2454.7100000000         0.0129260365
     2460.3700000000         0.0128230136
     2466.0400000000         0.0127187986
     2471.7200000000         0.0126113677
     2477.4200000000         0.0125307757
     2483.1300000000         0.0124860518
     2488.8600000000         0.0120965708
     2494.5900000000         0.0115430271
     2500.3500000000         0.0118772406
     2506.1100000000         0.0121251065
     2511.8900000000         0.0117393751
     2517.6800000000         0.0119185708
     2523.4800000000         0.0118251415
     2529.3000000000         0.0117373811
     2535.1300000000         0.0116595067
     2540.9700000000         0.0115469517
     2546.8300000000         0.0114716534
     2552.7000000000         0.0114771295
     2558.5900000000         0.0114278141
     2564.4800000000         0.0113437772
     2570.3900000000         0.0113245267
     2576.3200000000         0.0112978434
     2582.2600000000         0.0112240054
     2588.2100000000         0.0111425603
     2594.1800000000         0.0110547328
     2600.1600000000         0.0109568667
     2606.1500000000         0.0108609982
     2612.1600000000         0.0107786739
     2618.1800000000         0.0107191866
     2624.2200000000         0.0106798932
     2630.2700000000         0.0106244730
     2636.3300000000         0.0105843162
     2642.4100000000         0.0106060924
     2648.5000000000         0.0105760256
     2654.6100000000         0.0105079226
     2660.7200000000         0.0103700263
     2666.8600000000         0.0102612581
     2673.0100000000         0.0102291303
     2679.1700000000         0.0101891393
     2685.3400000000         0.0101403715
     2691.5300000000         0.0100048436
     2697.7400000000         0.0099159237
     2703.9600000000         0.0098853568
     2710.1900000000         0.0098002562
     2716.4400000000         0.0097089997
     2722.7000000000         0.0096327234
     2728.9800000000         0.0095762517
     2735.2700000000         0.0095272800
     2741.5700000000         0.0093901698
     2747.8900000000         0.0092961136
     2754.2300000000         0.0092524765
     2760.5800000000         0.0092086149
     2766.9400000000         0.0091823069
     2773.3200000000         0.0091956230
     2779.7100000000         0.0091392687
     2786.1200000000         0.0090301447
     2792.5400000000         0.0087882364
     2798.9800000000         0.0087207677
     2805.4300000000         0.0087612476
     2811.9000000000         0.0088168196
     2818.3800000000         0.0088032773
     2824.8800000000         0.0087269945
     2831.3900000000         0.0086092437
     2837.9200000000         0.0085323239
     2844.4600000000         0.0085062999
     2851.0200000000         0.0084499661
     2857.5900000000         0.0084087234
     2864.1800000000         0.0083945347
     2870.7800000000         0.0083318725
     2877.4000000000         0.0082718600
     2884.0300000000         0.0082282824
     2890.6800000000         0.0081681376
     2897.3400000000         0.0081164446
     2904.0200000000         0.0080852145
     2910.7200000000         0.0080508357
     2917.4300000000         0.0079894066
     2924.1500000000         0.0079283156
     2930.8900000000         0.0078668268
     2937.6500000000         0.0078009935
     2944.4200000000         0.0077355318
     2951.2100000000         0.0076753767
     2958.0100000000         0.0076383706
     2964.8300000000         0.0076015391
     2971.6700000000         0.0075608674
     2978.5200000000         0.0075080050
     2985.3800000000         0.0074554300
     2992.2600000000         0.0074038641
     2999.1600000000         0.0073540406
     3006.0800000000         0.0073044961
     3013.0100000000         0.0072567482
     3019.9500000000         0.0072112461
     3026.9100000000         0.0071659917
     3033.8900000000         0.0071186023
     3040.8900000000         0.0070695765
     3047.8900000000         0.0070208241
     3054.9200000000         0.0069718109
     3061.9600000000         0.0069228397
     3069.0200000000         0.0068741194
     3076.1000000000         0.0068237828
     3083.1900000000         0.0067734169
     3090.3000000000         0.0067235408
     3097.4200000000         0.0066791722
     3104.5600000000         0.0066350396
     3111.7200000000         0.0065893750
     3118.8900000000         0.0065384195
     3126.0800000000         0.0064877467
     3133.2800000000         0.0064420272
     3140.5100000000         0.0064021130
     3147.7500000000         0.0063624159
     3155.0000000000         0.0063184700
     3162.2800000000         0.0062727500
     3169.5700000000         0.0062272884
     3176.8700000000         0.0061661783
     3184.2000000000         0.0061044102
     3191.5400000000         0.0060494263
     3198.8900000000         0.0060188905
     3206.2700000000         0.0059884954
     3213.6600000000         0.0059531019
     3221.0700000000         0.0059126550
     3228.4900000000         0.0058724238
     3235.9400000000         0.0058378275
     3243.4000000000         0.0058047893
     3250.8700000000         0.0057713562
     3258.3700000000         0.0057338537
     3265.8800000000         0.0056965570
     3273.4100000000         0.0056590661
     3280.9500000000         0.0056212931
     3288.5200000000         0.0055837273
     3296.1000000000         0.0055479244
     3303.6900000000         0.0055126864
     3311.3100000000         0.0054765549
     3318.9400000000         0.0054354821
     3326.5900000000         0.0053946343
     3334.2600000000         0.0053523965
     3341.9500000000         0.0053091240
     3349.6500000000         0.0052660932
     3357.3800000000         0.0052289055
     3365.1200000000         0.0051921890
     3372.8700000000         0.0051569273
     3380.6500000000         0.0051239803
     3388.4400000000         0.0050912136
     3396.2500000000         0.0050600125
     3404.0800000000         0.0050293179
     3411.9300000000         0.0049950094
     3419.7900000000         0.0049493611
     3427.6800000000         0.0049039735
     3435.5800000000         0.0048677344
     3443.5000000000         0.0048353956
     3451.4400000000         0.0048046308
     3459.3900000000         0.0047803521
     3467.3700000000         0.0047561955
     3475.3600000000         0.0047279880
     3483.3700000000         0.0046978844
     3491.4000000000         0.0046689315
     3499.4500000000         0.0046448545
     3507.5200000000         0.0046208943
     3515.6000000000         0.0045903050
     3523.7100000000         0.0045569078
     3531.8300000000         0.0045254678
     3539.9700000000         0.0045002755
     3548.1300000000         0.0044752150
     3556.3100000000         0.0044403570
     3564.5100000000         0.0044027562
     3572.7300000000         0.0043656346
     3580.9600000000         0.0043292399
     3589.2200000000         0.0042930497
     3597.4900000000         0.0042691450
     3605.7900000000         0.0042466233
     3614.1000000000         0.0042224149
     3622.4300000000         0.0041964771
     3630.7800000000         0.0041710190
     3639.1500000000         0.0041489815
     3647.5400000000         0.0041391198
     3655.9500000000         0.0041131224
     3664.3700000000         0.0040800287
     3672.8200000000         0.0040526004
     3681.2900000000         0.0040362175
     3689.7800000000         0.0040199086
     3698.2800000000         0.0041036638
     3706.8100000000         0.0041895276
     3715.3500000000         0.0042091822
     3723.9200000000         0.0041896426
     3732.5000000000         0.0042265924
     3741.1100000000         0.0044000661
     3749.7300000000         0.0045722984
     3758.3700000000         0.0045794751
     3767.0400000000         0.0045812647
     3775.7200000000         0.0046579218
     3784.4200000000         0.0047727134
     3793.1500000000         0.0048864484
     3801.8900000000         0.0049988902
     3810.6600000000         0.0050810338
     3819.4400000000         0.0047996482
     3828.2500000000         0.0045202179
     3837.0700000000         0.0047057099
     3845.9200000000         0.0050044861
     3854.7800000000         0.0051578581
     3863.6700000000         0.0051881871
     3872.5700000000         0.0050802822
     3881.5000000000         0.0046345079
     3890.4500000000         0.0042345645
     3899.4200000000         0.0046404558
     3908.4100000000         0.0050435946
     3917.4200000000         0.0050096377
     3926.4500000000         0.0048829555
     3935.5000000000         0.0048588896
     3944.5700000000         0.0049005272
     3953.6700000000         0.0047231917
     3962.7800000000         0.0042239977
     3971.9200000000         0.0039291517
     3981.0700000000         0.0043925736
     3990.2500000000         0.0048409444
     3999.4500000000         0.0048607481
     4008.6700000000         0.0048803589
     4017.9100000000         0.0048311125
     4027.1700000000         0.0047705849
     4036.4500000000         0.0047555440
     4045.7600000000         0.0047602905
     4055.0900000000         0.0047297771
     4064.4300000000         0.0046701604
     4073.8000000000         0.0045811241
     4083.1900000000         0.0044491403
     4092.6100000000         0.0042827618
     4102.0400000000         0.0040257587
     4111.5000000000         0.0038564252
     4120.9800000000         0.0041446737
     4130.4700000000         0.0044164667
     4140.0000000000         0.0044136718
     4149.5400000000         0.0044108499
     4159.1100000000         0.0043863296
     4168.6900000000         0.0043608397
     4178.3000000000         0.0043355757
     4187.9400000000         0.0043104487
     4197.5900000000         0.0042851451
     4207.2600000000         0.0042598853
     4216.9600000000         0.0042310045
     4226.6900000000         0.0042008157
     4236.4300000000         0.0041720066
     4246.2000000000         0.0041439701
     4255.9800000000         0.0041051279
     4265.7900000000         0.0040595536
     4275.6300000000         0.0040255808
     4285.4800000000         0.0040002428
     4295.3600000000         0.0039530220
     4305.2600000000         0.0038875914
     4315.1900000000         0.0037889518
     4325.1400000000         0.0036603883
     4335.1100000000         0.0035160701
     4345.1000000000         0.0033568970
     4355.1200000000         0.0034122048
     4365.1600000000         0.0036708012
     4375.2200000000         0.0037730159
     4385.3100000000         0.0037313832
     4395.4200000000         0.0037087421
     4405.5500000000         0.0037024240
     4415.7000000000         0.0036936251
     4425.8800000000         0.0036829147
     4436.0800000000         0.0036669602
     4446.3100000000         0.0036475104
     4456.5600000000         0.0036088224
     4466.8300000000         0.0035595188
     4477.1300000000         0.0035490321
     4487.4500000000         0.0035556357
     4497.8000000000         0.0035611964
     4508.1700000000         0.0035663683
     4518.5600000000         0.0035273391
     4528.9700000000         0.0034791138
     4539.4100000000         0.0034489126
     4549.8800000000         0.0034208039
     4560.3700000000         0.0034245255
     4570.8800000000         0.0034249406
     4581.4200000000         0.0033859070
     4591.9800000000         0.0033532740
     4602.5600000000         0.0033474667
     4613.1800000000         0.0033333157
     4623.8100000000         0.0032997425
     4634.4700000000         0.0032715444
     4645.1500000000         0.0032506674
     4655.8600000000         0.0032359397
     4666.5900000000         0.0032262718
     4677.3500000000         0.0032036921
     4688.1300000000         0.0031752400
     4698.9400000000         0.0031381594
     4709.7700000000         0.0030994690
     4720.6300000000         0.0031034979
     4731.5100000000         0.0031059925
     4742.4200000000         0.0030937141
     4753.3500000000         0.0030803634
     4764.3100000000         0.0030645328
     4775.2900000000         0.0030450984
     4786.3000000000         0.0030218125
     4797.3300000000         0.0029971101
     4808.3900000000         0.0029717789
     4819.4800000000         0.0029461491
     4830.5900000000         0.0029154427
     4841.7200000000         0.0027932418
     4852.8800000000         0.0026588936
     4864.0700000000         0.0024883086
     4875.2800000000         0.0025065180
     4886.5200000000         0.0027345305
     4897.7900000000         0.0028008204
     4909.0800000000         0.0027952718
     4920.3900000000         0.0027599477
     4931.7400000000         0.0027300371
     4943.1100000000         0.0027435385
     4954.5000000000         0.0027452302
     4965.9200000000         0.0027290287
     4977.3700000000         0.0026995083
     4988.8400000000         0.0026627760
     5000.3400000000         0.0026205648
     5011.8700000000         0.0025868183
     5023.4300000000         0.0025988130
     5035.0000000000         0.0025951348
     5046.6100000000         0.0025710627
     5058.2500000000         0.0025662396
     5069.9100000000         0.0025692601
     5081.5900000000         0.0025402475
     5093.3100000000         0.0025158057
     5105.0500000000         0.0025033306
     5116.8200000000         0.0024826068
     5128.6100000000         0.0024559814
     5140.4400000000         0.0024335738
     5152.2900000000         0.0024116323
     5164.1600000000         0.0023889516
     5176.0700000000         0.0023741927
     5188.0000000000         0.0023669971
     5199.9600000000         0.0023574478
     5211.9500000000         0.0023474838
     5223.9600000000         0.0023376888
     5236.0000000000         0.0023302916
     5248.0700000000         0.0023252836
     5260.1700000000         0.0022898510
     5272.3000000000         0.0022597122
     5284.4500000000         0.0022759351
     5296.6300000000         0.0022792651
     5308.8400000000         0.0022718981
     5321.0800000000         0.0022404618
     5333.3500000000         0.0022182812
     5345.6400000000         0.0022270004
     5357.9600000000         0.0022211424
     5370.3200000000         0.0022071912
     5382.7000000000         0.0021859615
     5395.1000000000         0.0021657234
     5407.5400000000         0.0021468420
     5420.0100000000         0.0021353231
     5432.5000000000         0.0021280071
     5445.0200000000         0.0021301375
     5457.5800000000         0.0021182981
     5470.1600000000         0.0020974989
     5482.7700000000         0.0020848357
     5495.4100000000         0.0020723483
     5508.0800000000         0.0020600788
     5520.7700000000         0.0020523630
     5533.5000000000         0.0020457488
     5546.2600000000         0.0020398751
     5559.0400000000         0.0020261579
     5571.8500000000         0.0020092800
     5584.7000000000         0.0019925791
     5597.5700000000         0.0019847476
     5610.4800000000         0.0019826400
     5623.4100000000         0.0019693607
     5636.3800000000         0.0019572047
     5649.3700000000         0.0019461934
     5662.3900000000         0.0019283575
     5675.4500000000         0.0019166416
     5688.5300000000         0.0019138550
     5701.6400000000         0.0018924740
     5714.7900000000         0.0018811567
     5727.9600000000         0.0018913087
     5741.1600000000         0.0018761226
     5754.4000000000         0.0018613322
     5767.6600000000         0.0018564906
     5780.9600000000         0.0018400257
     5794.2900000000         0.0018275713
     5807.6400000000         0.0018286426
     5821.0300000000         0.0018268470
     5834.4500000000         0.0018197802
     5847.9000000000         0.0018033670
     5861.3800000000         0.0017827746
     5874.8900000000         0.0017622763
     5888.4400000000         0.0017432331
     5902.0100000000         0.0017500580
     5915.6100000000         0.0017524124
     5929.2500000000         0.0017437254
     5942.9200000000         0.0017336104
     5956.6200000000         0.0017271288
     5970.3500000000         0.0017242541
     5984.1200000000         0.0017088407
     5997.9100000000         0.0016950655
     6011.7300000000         0.0016837111
     6025.6000000000         0.0016807107
     6039.4800000000         0.0016769471
     6053.4100000000         0.0016713055
     6067.3600000000         0.0016609693
     6081.3500000000         0.0016444646
     6095.3700000000         0.0016303841
     6109.4200000000         0.0016224446
     6123.5000000000         0.0016020124
     6137.6200000000         0.0015904587
     6151.7700000000         0.0015856703
     6165.9500000000         0.0015724754
     6180.1600000000         0.0015727849
     6194.4100000000         0.0015737747
     6208.6900000000         0.0015644106
     6223.0000000000         0.0015474345
     6237.3500000000         0.0015277847
     6251.7300000000         0.0015101220
     6266.1400000000         0.0015201720
     6280.5800000000         0.0015197163
     6295.0600000000         0.0015113334
     6309.5700000000         0.0014953502
     6324.1200000000         0.0014930834
     6338.6900000000         0.0014872013
     6353.3100000000         0.0014787219
     6367.9500000000         0.0014706233
     6382.6300000000         0.0014662471
     6397.3500000000         0.0014578582
     6412.0900000000         0.0014460861
     6426.8800000000         0.0014415806
     6441.6900000000         0.0014347704
     6456.5400000000         0.0014274849
     6471.4200000000         0.0014193727
     6486.3400000000         0.0014018741
     6501.3000000000         0.0013992565
     6516.2800000000         0.0013967153
     6531.3000000000         0.0013844830
     6546.3600000000         0.0013387605
     6561.4500000000         0.0012437722
     6576.5800000000         0.0012361008
     6591.7400000000         0.0013475812
     6606.9300000000         0.0013526236
     6622.1600000000         0.0013505995
     6637.4300000000         0.0013450857
     6652.7300000000         0.0013365541
     6668.0700000000         0.0013224176
     6683.4400000000         0.0013222750
     6698.8500000000         0.0013155310
     6714.2900000000         0.0013066501
     6729.7600000000         0.0013086806
     6745.2800000000         0.0012971184
     6760.8300000000         0.0012907780
     6776.4100000000         0.0012847263
     6792.0400000000         0.0012760622
     6807.6900000000         0.0012695772
     6823.3800000000         0.0012653017
     6839.1100000000         0.0012556073
     6854.8800000000         0.0012453330
     6870.6800000000         0.0012430797
     6886.5200000000         0.0012409255
     6902.4000000000         0.0012333744
     6918.3100000000         0.0012241860
     6934.2600000000         0.0012143262
     6950.2400000000         0.0012030815
     6966.2600000000         0.0011999311
     6982.3200000000         0.0011925498
     6998.4200000000         0.0011814558
     7014.5500000000         0.0011719202
     7030.7200000000         0.0011718534
     7046.9300000000         0.0011698225
     7063.1800000000         0.0011569535
     7079.4600000000         0.0011492742
     7095.7700000000         0.0011437641
     7112.1400000000         0.0011325035
     7128.5300000000         0.0011236997
     7144.9600000000         0.0011188921
     7161.4300000000         0.0011157746
     7177.9400000000         0.0011070630
     7194.4900000000         0.0010961900
     7211.0700000000         0.0010970166
     7227.7000000000         0.0010944103
     7244.3600000000         0.0010908406
     7261.0600000000         0.0010852491
     7277.8000000000         0.0010744099
     7294.5700000000         0.0010630860
     7311.3900000000         0.0010631664
     7328.2500000000         0.0010594575
     7345.1400000000         0.0010534357
     7362.0700000000         0.0010522915
     7379.0400000000         0.0010464275
     7396.0500000000         0.0010349053
     7413.1000000000         0.0010260135
     7430.1900000000         0.0010266238
     7447.3200000000         0.0010230110
     7464.4900000000         0.0010181182
     7481.6900000000         0.0010115798
     7498.9400000000         0.0010070655
     7516.2300000000         0.0010048718
     7533.5500000000         0.0010023464
     7550.9200000000         0.0009994206
     7568.3300000000         0.0009917588
     7585.7700000000         0.0009849021
     7603.2600000000         0.0009804894
     7620.7900000000         0.0009764212
     7638.3600000000         0.0009721309
     7655.9600000000         0.0009646312
     7673.6100000000         0.0009545141
     7691.3000000000         0.0009574535
     7709.0300000000         0.0009449065
     7726.8100000000         0.0009425884
     7744.6200000000         0.0009365870
     7762.4700000000         0.0009324491
     7780.3600000000         0.0009307114
     7798.3000000000         0.0009283643
     7816.2800000000         0.0009230212
     7834.2900000000         0.0009153915
     7852.3600000000         0.0009085189
     7870.4600000000         0.0009041947
     7888.6000000000         0.0008901200
     7906.7900000000         0.0008782752
     7925.0100000000         0.0008733799
     7943.2800000000         0.0008662973
     7961.5900000000         0.0008677587
     7979.9500000000         0.0008677787
     7998.3400000000         0.0008670812
     8016.7800000000         0.0008694056
     8035.2600000000         0.0008649746
     8053.7800000000         0.0008587402
     8072.3500000000         0.0008542541
     8090.9600000000         0.0008460488
     8109.6100000000         0.0008435150
     8128.3000000000         0.0008412795
     8147.0400000000         0.0008367939
     8165.8200000000         0.0008329393
     8184.6500000000         0.0008245157
     8203.5100000000         0.0008183659
     8222.4300000000         0.0008150913
     8241.3800000000         0.0008127016
     8260.3800000000         0.0008097632
     8279.4200000000         0.0008044624
     8298.5100000000         0.0007953235
     8317.6300000000         0.0007852624
     8336.8100000000         0.0007810965
     8356.0300000000         0.0007799643
     8375.2900000000         0.0007718830
     8394.6000000000         0.0007686708
     8413.9500000000         0.0007736454
     8433.3500000000         0.0007733986
     8452.7900000000         0.0007723712
     8472.2700000000         0.0007578950
     8491.8000000000         0.0007745837
     8511.3800000000         0.0007330182
     8531.0000000000         0.0007716235
     8550.6700000000         0.0006815784
     8570.3800000000         0.0007828831
     8590.1400000000         0.0007504252
     8609.9400000000         0.0007392835
     8629.7800000000         0.0007747767
     8649.6700000000         0.0007588305
     8669.6200000000         0.0006604799
     8689.6000000000         0.0007511954
     8709.6300000000         0.0007626079
     8729.7100000000         0.0007521930
     8749.8400000000         0.0006904440
     8770.0000000000         0.0007382258
     8790.2300000000         0.0007479984
     8810.4900000000         0.0007410218
     8830.8000000000         0.0007352366
     8851.1500000000         0.0007124433
     8871.5600000000         0.0006737591
     8892.0100000000         0.0007251654
     8912.5100000000         0.0007266890
     8933.0500000000         0.0007211135
     8953.6500000000         0.0007170988
     8974.2800000000         0.0007129597
     8994.9800000000         0.0006914586
     9015.7100000000         0.0006558563
     9036.4900000000         0.0006846527
     9057.3300000000         0.0006982572
     9078.2000000000         0.0006905918
     9099.1300000000         0.0006864063
     9120.1000000000         0.0006878969
     9141.1300000000         0.0006857566
     9162.2000000000         0.0006816785
     9183.3200000000         0.0006776896
     9204.5000000000         0.0006640002
     9225.7100000000         0.0006199505
     9246.9800000000         0.0006432701
     9268.3000000000         0.0006568868
     9289.6600000000         0.0006589019
     9311.0800000000         0.0006575126
     9332.5400000000         0.0006538305
     9354.0600000000         0.0006487022
     9375.6200000000         0.0006438016
     9397.2300000000         0.0006405973
     9418.9000000000         0.0006357334
     9440.6100000000         0.0006347016
     9462.3700000000         0.0006314151
     9484.1800000000         0.0006289804
     9506.0500000000         0.0006230868
     9527.9600000000         0.0006099341
     9549.9200000000         0.0005642499
     9571.9400000000         0.0006051995
     9594.0000000000         0.0006104620
     9616.1200000000         0.0006056592
     9638.2900000000         0.0006016913
     9660.5100000000         0.0005973799
     9682.7700000000         0.0005963638
     9705.1000000000         0.0005934460
     9727.4700000000         0.0005898198
     9749.8900000000         0.0005859088
     9772.3700000000         0.0005836865
     9794.9000000000         0.0005792538
     9817.4800000000         0.0005797813
     9840.1100000000         0.0005766845
     9862.7900000000         0.0005729146
     9885.5300000000         0.0005690939
     9908.3200000000         0.0005665013
     9931.1600000000         0.0005640459
     9954.0500000000         0.0005614244
     9977.0000000000         0.0005582281
    10000.0000000000         0.0005512368
    10000.0000000000         0.0005512368
    10115.8000000000         0.0005332410
    10232.9400000000         0.0005230305
    10351.4200000000         0.0005069099
    10471.2900000000         0.0004941766
    10592.5400000000         0.0004816507
    10715.2000000000         0.0004670061
    10839.2700000000         0.0004520052
    10964.7800000000         0.0004360585
    11091.7500000000         0.0004334825
    11220.1900000000         0.0004219819
    11350.1000000000         0.0004085383
    11481.5400000000         0.0004003362
    11614.4900000000         0.0003861978
    11748.9800000000         0.0003784609
    11885.0200000000         0.0003656739
    12022.6400000000         0.0003586536
    12161.8600000000         0.0003502851
    12302.6900000000         0.0003407331
    12445.1400000000         0.0003321833
    12589.2500000000         0.0003230743
    12735.0300000000         0.0003151209
    12882.5000000000         0.0003051881
    13031.6600000000         0.0002985242
    13182.5600000000         0.0002902049
    13335.2100000000         0.0002834259
    13489.6300000000         0.0002770515
    13645.8400000000         0.0002684532
    13803.8400000000         0.0002630946
    13963.6800000000         0.0002574101
    14125.3800000000         0.0002497934
    14288.9500000000         0.0002427181
    14454.3900000000         0.0002377870
    14621.7700000000         0.0002334426
    14791.0900000000         0.0002270954
    14962.3600000000         0.0002222683
    15135.6100000000         0.0002175851
    15310.8700000000         0.0002128472
    15488.1700000000         0.0002107879
    15667.5200000000         0.0002036012
    15848.9200000000         0.0001947120
    16032.4500000000         0.0001931351
    16218.1000000000         0.0001879016
    16405.9000000000         0.0001811463
    16595.8600000000         0.0001773151
    16788.0400000000         0.0001692628
    16982.4400000000         0.0001651222
    17179.0900000000         0.0001587105
    17378.0000000000         0.0001498668
    17579.2300000000         0.0001466898
    17782.7900000000         0.0001411688
    17988.7100000000         0.0001360368
    18197.0200000000         0.0001295525
    18407.7100000000         0.0001253795
    18620.8700000000         0.0001203256
    18836.4900000000         0.0001156598
    19054.6200000000         0.0001119973
    19275.2400000000         0.0001073845
    19498.4400000000         0.0001020542
    19724.2300000000         0.0000989645
    19952.6300000000         0.0000953314
    20183.6600000000         0.0000921995
    20417.3800000000         0.0000885552
    20653.8000000000         0.0000849410
    20892.9700000000         0.0000816542
    21134.8800000000         0.0000786198
    21379.6200000000         0.0000758070
    21627.1900000000         0.0000718423
    21877.6200000000         0.0000697752
    22130.9400000000         0.0000671266
    22387.2100000000         0.0000643654
    22646.4400000000         0.0000617709
    22908.6800000000         0.0000558350
    23173.9300000000         0.0000534390
    23442.2800000000         0.0000509278
    23713.7400000000         0.0000478156
    23988.3400000000         0.0000453381
    24266.1100000000         0.0000432931
    24547.0800000000         0.0000407608
    24831.3300000000         0.0000389162
    25118.8700000000         0.0000380906
    25409.7400000000         0.0000375756
    25703.9500000000         0.0000364138
    26001.5900000000         0.0000350967
    26302.6800000000         0.0000336205
    26607.2600000000         0.0000324793
    26915.3400000000         0.0000316184
    27227.0100000000         0.0000308222
    27542.2900000000         0.0000295465
    27861.2200000000         0.0000286181
    28183.8200000000         0.0000275452
    28510.1800000000         0.0000265899
    28840.3200000000         0.0000255439
    29174.2800000000         0.0000245851
    29512.0800000000         0.0000235948
    29853.8200000000         0.0000226852
    30199.5200000000         0.0000221902
    30549.2200000000         0.0000214709
    30902.9400000000         0.0000208700
    31260.7900000000         0.0000203241
    31622.7800000000         0.0000200059
    31988.9600000000         0.0000225614
    32359.3500000000         0.0000343420
    32734.0600000000         0.0000541382
    33113.1100000000         0.0000595162
    33496.5500000000         0.0000402033
    33884.4300000000         0.0000222970
    34276.7700000000         0.0000163453
    34673.6800000000         0.0000151454
    35075.2000000000         0.0000146190
    35481.3600000000         0.0000140879
    35892.1800000000         0.0000135561
    36307.8000000000         0.0000131220
    36728.2300000000         0.0000126181
    37153.5400000000         0.0000121289
    37583.7200000000         0.0000116674
    38018.9300000000         0.0000112915
    38459.1800000000         0.0000109481
    38904.5300000000         0.0000105477
    39354.9900000000         0.0000101921
    39810.7100000000         0.0000097966
    40271.7100000000         0.0000095175
    40738.0400000000         0.0000091945
    41209.7300000000         0.0000089154
    41686.9300000000         0.0000085996
    42169.6500000000         0.0000083394
    42657.9600000000         0.0000081019
    43151.8800000000         0.0000073838
    43651.5700000000         0.0000070032
    44157.0400000000         0.0000066411
    44668.3700000000         0.0000064103
    45185.6200000000         0.0000062624
    45708.8000000000         0.0000061987
    46238.1000000000         0.0000060703
    46773.5200000000         0.0000060134
    47315.1500000000         0.0000059561
    47862.9900000000         0.0000058659
    48417.2300000000         0.0000058149
    48977.8900000000         0.0000057232
    49545.0400000000         0.0000056487
    50118.7000000000         0.0000055836
    50699.0600000000         0.0000055017
    51286.1400000000         0.0000054305
    51880.0200000000         0.0000053751
    52480.7200000000         0.0000053122
    53088.4300000000         0.0000052345
    53703.1800000000         0.0000051888
    54325.0500000000         0.0000051412
    54954.0600000000         0.0000051029
    55590.4100000000         0.0000050735
    56234.1300000000         0.0000050528
    56885.3100000000         0.0000050409
    57543.9600000000         0.0000050377
    58210.3000000000         0.0000050432
    58884.3600000000         0.0000050571
    59566.2300000000         0.0000050800
    60255.9900000000         0.0000055206
    60953.6700000000         0.0000066159
    61659.5000000000         0.0000109736
    62373.5000000000         0.0000171591
    63095.7600000000         0.0000124630
    63826.3200000000         0.0000079615
    64565.4100000000         0.0000060226
    65313.0600000000         0.0000051403
    66069.3700000000         0.0000054185
    66834.3600000000         0.0000054978
    67608.2900000000         0.0000054730
    68391.1700000000         0.0000052364
    69183.1200000000         0.0000059510
    69984.1600000000         0.0000070565
    70794.5600000000         0.0000063714
    71614.3400000000         0.0000068367
    72443.6200000000         0.0000071322
    73282.4100000000         0.0000081545
    74131.0100000000         0.0000098709
    74989.4200000000         0.0000128013
    75857.7800000000         0.0000153937
    76736.1000000000         0.0000166742
    77624.6900000000         0.0000155857
    78523.5600000000         0.0000148128
    79432.8400000000         0.0000126240
    80352.6500000000         0.0000098040
    81283.0200000000         0.0000081890
    82224.2600000000         0.0000070751
    83176.3900000000         0.0000068565
    84139.5500000000         0.0000068084
    85113.7700000000         0.0000071552
    86099.3700000000         0.0000078922
    87096.3700000000         0.0000071498
    88104.9200000000         0.0000050343
    89125.0500000000         0.0000036617
    90157.1000000000         0.0000028829
    91201.0900000000         0.0000023545
    92257.1700000000         0.0000021307
    93325.3800000000         0.0000021080
    94406.0700000000         0.0000020683
    95499.2700000000         0.0000018874
    96605.1200000000         0.0000020235
    97723.6700000000         0.0000019478
    98855.2800000000         0.0000016810
   100000.0000000000         0.0000015189
   101157.9700000000         0.0000015999
   102329.2400000000         0.0000016197
   103514.1900000000         0.0000016310
   104712.8500000000         0.0000018471
   105925.4000000000         0.0000023120
   107151.9800000000         0.0000022977
   108392.6600000000         0.0000023890
   109647.8100000000         0.0000029651
   110917.5000000000         0.0000040822
   112201.9000000000         0.0000073207
   113501.0400000000         0.0000081186
   114815.3400000000         0.0000055798
   116144.8800000000         0.0000040524
   117489.8000000000         0.0000034979
   118850.1700000000         0.0000035237
   120226.4200000000         0.0000037969
   121618.6100000000         0.0000036119
   123026.9200000000         0.0000039081
   124451.4000000000         0.0000041773
   125892.5200000000         0.0000046799
   127350.3100000000         0.0000059491
   128824.9900000000         0.0000052252
   130316.6100000000         0.0000031711
   131825.6400000000         0.0000028269
   133352.1400000000         0.0000027829
   134896.3300000000         0.0000027256
   136458.2300000000         0.0000027884
   138038.3900000000         0.0000025086
   139636.8300000000         0.0000025122
   141253.7800000000         0.0000025461
   142889.4700000000         0.0000025451
   144543.9200000000         0.0000025388
   146217.7000000000         0.0000025325
   147910.8600000000         0.0000025264
   149623.6200000000         0.0000025203
   151356.0600000000         0.0000025136
   153108.7200000000         0.0000025067
   154881.6900000000         0.0000024999
   156675.1700000000         0.0000024932
   158489.2500000000         0.0000024867
   160324.5200000000         0.0000024795
   162181.0300000000         0.0000024693
   164059.0300000000         0.0000024592
   165958.6100000000         0.0000024492
   167880.3600000000         0.0000024393
   169824.3800000000         0.0000024295
   171790.8900000000         0.0000024190
   173779.9800000000         0.0000024085
   175792.3100000000         0.0000023982
   177827.9400000000         0.0000023879
   179887.1400000000         0.0000023777
   181969.9800000000         0.0000023652
   184077.1400000000         0.0000023523
   186208.7000000000         0.0000023392
   188364.9500000000         0.0000023260
   190545.9500000000         0.0000023129
   192752.4200000000         0.0000023003
   194984.4400000000         0.0000022875
   197242.3100000000         0.0000022745
   199526.3100000000         0.0000022614
