        1.0000000000         0.0000000000
      316.2300000000         0.0000000000
      316.9600000000         0.0000000000
      317.6900000000         0.0000000000
      318.4200000000         0.0000000000
      319.1500000000         0.0000000000
      319.8900000000         0.0000000000
      320.6300000000         0.0000000000
      321.3700000000         0.0000000000
      322.1100000000         0.0000000000
      322.8500000000         0.0000000000
      323.5900000000         0.0000000000
      324.3400000000         0.0000000000
      325.0900000000         0.0000000000
      325.8400000000         0.0000000000
      326.5900000000         0.0000000000
      327.3400000000         0.0000000000
      328.1000000000         0.0000000000
      328.8500000000         0.0000000000
      329.6100000000         0.0000000000
      330.3700000000         0.0000000000
      331.1300000000         0.0000000000
      331.8900000000         0.0000000000
      332.6600000000         0.0000000000
      333.4300000000         0.0000000000
      334.1900000000         0.0000000000
      334.9700000000         0.0000000000
      335.7400000000         0.0000000000
      336.5100000000         0.0000000000
      337.2900000000         0.0000000000
      338.0600000000         0.0000000000
      338.8400000000         0.0000000000
      339.6300000000         0.0000000000
      340.4100000000         0.0000000000
      341.1900000000         0.0000000000
      341.9800000000         0.0000000000
      342.7700000000         0.0000000000
      343.5600000000         0.0000000000
      344.3500000000         0.0000000000
      345.1400000000         0.0000000000
      345.9400000000         0.0000000000
      346.7400000000         0.0000000000
      347.5400000000         0.0000000000
      348.3400000000         0.0000000000
      349.1400000000         0.0000000000
      349.9500000000         0.0000000000
      350.7500000000         0.0000000000
      351.5600000000         0.0000000000
      352.3700000000         0.0000000000
      353.1800000000         0.0000000000
      354.0000000000         0.0000000000
      354.8100000000         0.0000000000
      355.6300000000         0.0000000000
      356.4500000000         0.0000000000
      357.2700000000         0.0000000000
      358.1000000000         0.0000000000
      358.9200000000         0.0000000000
      359.7500000000         0.0000000000
      360.5800000000         0.0000000000
      361.4100000000         0.0000000000
      362.2400000000         0.0000000000
      363.0800000000         0.0000000000
      363.9200000000         0.0000000000
      364.7500000000         0.0000000000
      365.5900000000         0.0000000000
      366.4400000000         0.0000000000
      367.2800000000         0.0000000000
      368.1300000000         0.0000000000
      368.9800000000         0.0000000000
      369.8300000000         0.0000000000
      370.6800000000         0.0000000000
      371.5400000000         0.0000000000
      372.3900000000         0.0000000000
      373.2500000000         0.0000000000
      374.1100000000         0.0000000000
      374.9700000000         0.0000000000
      375.8400000000         0.0000000000
      376.7000000000         0.0000000000
      377.5700000000         0.0000000000
      378.4400000000         0.0000000000
      379.3100000000         0.0000000000
      380.1900000000         0.0000000000
      381.0700000000         0.0000000000
      381.9400000000         0.0000000000
      382.8200000000         0.0000000000
      383.7100000000         0.0000000000
      384.5900000000         0.0000000000
      385.4800000000         0.0000000000
      386.3700000000         0.0000000000
      387.2600000000         0.0000000000
      388.1500000000         0.0000000000
      389.0500000000         0.0000000000
      389.9400000000         0.0000000000
      390.8400000000         0.0000000000
      391.7400000000         0.0000000000
      392.6500000000         0.0000000000
      393.5500000000         0.0000000000
      394.4600000000         0.0000000000
      395.3700000000         0.0000000000
      396.2800000000         0.0000000000
      397.1900000000         0.0000000000
      398.1100000000         0.0000000000
      399.0200000000         0.0000000000
      399.9400000000         0.0000000000
      400.8700000000         0.0000000000
      401.7900000000         0.0000000000
      402.7200000000         0.0000000000
      403.6500000000         0.0000000000
      404.5800000000         0.0000000000
      405.5100000000         0.0000000000
      406.4400000000         0.0000000000
      407.3800000000         0.0000000000
      408.3200000000         0.0000000000
      409.2600000000         0.0000000000
      410.2000000000         0.0000000000
      411.1500000000         0.0000000000
      412.1000000000         0.0000000000
      413.0500000000         0.0000000000
      414.0000000000         0.0000000000
      414.9500000000         0.0000000000
      415.9100000000         0.0000000000
      416.8700000000         0.0000000000
      417.8300000000         0.0000000000
      418.7900000000         0.0000000000
      419.7600000000         0.0000000000
      420.7300000000         0.0000000000
      421.7000000000         0.0000000000
      422.6700000000         0.0000000000
      423.6400000000         0.0000000000
      424.6200000000         0.0000000000
      425.6000000000         0.0000000000
      426.5800000000         0.0000000000
      427.5600000000         0.0000000000
      428.5500000000         0.0000000000
      429.5400000000         0.0000000000
      430.5300000000         0.0000000000
      431.5200000000         0.0000000000
      432.5100000000         0.0000000000
      433.5100000000         0.0000000000
      434.5100000000         0.0000000000
      435.5100000000         0.0000000000
      436.5200000000         0.0000000000
      437.5200000000         0.0000000000
      438.5300000000         0.0000000000
      439.5400000000         0.0000000000
      440.5500000000         0.0000000000
      441.5700000000         0.0000000000
      442.5900000000         0.0000000000
      443.6100000000         0.0000000000
      444.6300000000         0.0000000000
      445.6600000000         0.0000000000
      446.6800000000         0.0000000000
      447.7100000000         0.0000000000
      448.7500000000         0.0000000000
      449.7800000000         0.0000000000
      450.8200000000         0.0000000000
      451.8600000000         0.0000000000
      452.9000000000         0.0000000000
      453.9400000000         0.0000000000
      454.9900000000         0.0000000000
      456.0400000000         0.0000000000
      457.0900000000         0.0000000000
      458.1400000000         0.0000000000
      459.2000000000         0.0000000000
      460.2600000000         0.0000000000
      461.3200000000         0.0000000000
      462.3800000000         0.0000000000
      463.4500000000         0.0000000000
      464.5200000000         0.0000000000
      465.5900000000         0.0000000000
      466.6600000000         0.0000000000
      467.7400000000         0.0000000000
      468.8100000000         0.0000000000
      469.8900000000         0.0000000000
      470.9800000000         0.0000000000
      472.0600000000         0.0000000000
      473.1500000000         0.0000000000
      474.2400000000         0.0000000000
      475.3400000000         0.0000000000
      476.4300000000         0.0000000000
      477.5300000000         0.0000000000
      478.6300000000         0.0000000000
      479.7300000000         0.0000000000
      480.8400000000         0.0000000000
      481.9500000000         0.0000000000
      483.0600000000         0.0000000000
      484.1700000000         0.0000000000
      485.2900000000         0.0000000000
      486.4100000000         0.0000000000
      487.5300000000         0.0000000000
      488.6500000000         0.0000000000
      489.7800000000         0.0000000000
      490.9100000000         0.0000000000
      492.0400000000         0.0000000000
      493.1700000000         0.0000000000
      494.3100000000         0.0000000000
      495.4500000000         0.0000000000
      496.5900000000         0.0000000000
      497.7400000000         0.0000000000
      498.8800000000         0.0000000000
      500.0300000000         0.0000000000
      501.1900000000         0.0000000000
      502.3400000000         0.0000000000
      503.5000000000         0.0000000000
      504.6600000000         0.0000000000
      505.8200000000         0.0000000000
      506.9900000000         0.0000000000
      508.1600000000         0.0000000000
      509.3300000000         0.0000000000
      510.5000000000         0.0000000000
      511.6800000000         0.0000000000
      512.8600000000         0.0000000000
      514.0400000000         0.0000000000
      515.2300000000         0.0000000000
      516.4200000000         0.0000000000
      517.6100000000         0.0000000000
      518.8000000000         0.0000000000
      520.0000000000         0.0000000000
      521.1900000000         0.0000000000
      522.4000000000         0.0000000000
      523.6000000000         0.0000000000
      524.8100000000         0.0000000000
      526.0200000000         0.0000000000
      527.2300000000         0.0000000000
      528.4500000000         0.0000000000
      529.6600000000         0.0000000000
      530.8800000000         0.0000000000
      532.1100000000         0.0000000000
      533.3300000000         0.0000000000
      534.5600000000         0.0000000000
      535.8000000000         0.0000000000
      537.0300000000         0.0000000000
      538.2700000000         0.0000000000
      539.5100000000         0.0000000000
      540.7500000000         0.0000000000
      542.0000000000         0.0000000000
      543.2500000000         0.0000000000
      544.5000000000         0.0000000000
      545.7600000000         0.0000000000
      547.0200000000         0.0000000000
      548.2800000000         0.0000000000
      549.5400000000         0.0000000000
      550.8100000000         0.0000000000
      552.0800000000         0.0000000000
      553.3500000000         0.0000000000
      554.6300000000         0.0000000000
      555.9000000000         0.0000000000
      557.1900000000         0.0000000000
      558.4700000000         0.0000000000
      559.7600000000         0.0000000000
      561.0500000000         0.0000000000
      562.3400000000         0.0000000000
      563.6400000000         0.0000000000
      564.9400000000         0.0000000000
      566.2400000000         0.0000000000
      567.5400000000         0.0000000000
      568.8500000000         0.0000000000
      570.1600000000         0.0000000000
      571.4800000000         0.0000000000
      572.8000000000         0.0000000000
      574.1200000000         0.0000000000
      575.4400000000         0.0000000000
      576.7700000000         0.0000000000
      578.1000000000         0.0000000000
      579.4300000000         0.0000000000
      580.7600000000         0.0000000000
      582.1000000000         0.0000000000
      583.4500000000         0.0000000000
      584.7900000000         0.0000000000
      586.1400000000         0.0000000000
      587.4900000000         0.0000000000
      588.8400000000         0.0000000000
      590.2000000000         0.0000000000
      591.5600000000         0.0000000000
      592.9300000000         0.0000000000
      594.2900000000         0.0000000000
      595.6600000000         0.0000000000
      597.0400000000         0.0000000000
      598.4100000000         0.0000000000
      599.7900000000         0.0000000000
      601.1700000000         0.0000000000
      602.5600000000         0.0000000000
      603.9500000000         0.0000000000
      605.3400000000         0.0000000000
      606.7400000000         0.0000000000
      608.1300000000         0.0000000000
      609.5400000000         0.0000000000
      610.9400000000         0.0000000000
      612.3500000000         0.0000000000
      613.7600000000         0.0000000000
      615.1800000000         0.0000000000
      616.5900000000         0.0000000000
      618.0200000000         0.0000000000
      619.4400000000         0.0000000000
      620.8700000000         0.0000000000
      622.3000000000         0.0000000000
      623.7300000000         0.0000000000
      625.1700000000         0.0000000000
      626.6100000000         0.0000000000
      628.0600000000         0.0000000000
      629.5100000000         0.0000000000
      630.9600000000         0.0000000000
      632.4100000000         0.0000000000
      633.8700000000         0.0000000000
      635.3300000000         0.0000000000
      636.8000000000         0.0000000000
      638.2600000000         0.0000000000
      639.7300000000         0.0000000000
      641.2100000000         0.0000000000
      642.6900000000         0.0000000000
      644.1700000000         0.0000000000
      645.6500000000         0.0000000000
      647.1400000000         0.0000000000
      648.6300000000         0.0000000000
      650.1300000000         0.0000000000
      651.6300000000         0.0000000000
      653.1300000000         0.0000000000
      654.6400000000         0.0000000000
      656.1500000000         0.0000000000
      657.6600000000         0.0000000000
      659.1700000000         0.0000000000
      660.6900000000         0.0000000000
      662.2200000000         0.0000000000
      663.7400000000         0.0000000000
      665.2700000000         0.0000000000
      666.8100000000         0.0000000000
      668.3400000000         0.0000000000
      669.8800000000         0.0000000000
      671.4300000000         0.0000000000
      672.9800000000         0.0000000000
      674.5300000000         0.0000000000
      676.0800000000         0.0000000000
      677.6400000000         0.0000000000
      679.2000000000         0.0000000000
      680.7700000000         0.0000000000
      682.3400000000         0.0000000000
      683.9100000000         0.0000000000
      685.4900000000         0.0000000000
      687.0700000000         0.0000000000
      688.6500000000         0.0000000000
      690.2400000000         0.0000000000
      691.8300000000         0.0000000000
      693.4300000000         0.0000000000
      695.0200000000         0.0000000000
      696.6300000000         0.0000000000
      698.2300000000         0.0000000000
      699.8400000000         0.0000000000
      701.4600000000         0.0000000000
      703.0700000000         0.0000000000
      704.6900000000         0.0000000000
      706.3200000000         0.0000000000
      707.9500000000         0.0000000000
      709.5800000000         0.0000000000
      711.2100000000         0.0000000000
      712.8500000000         0.0000000000
      714.5000000000         0.0000000000
      716.1400000000         0.0000000000
      717.7900000000         0.0000000000
      719.4500000000         0.0000000000
      721.1100000000         0.0000000000
      722.7700000000         0.0000000000
      724.4400000000         0.0000000000
      726.1100000000         0.0000000000
      727.7800000000         0.0000000000
      729.4600000000         0.0000000000
      731.1400000000         0.0000000000
      732.8200000000         0.0000000000
      734.5100000000         0.0000000000
      736.2100000000         0.0000000000
      737.9000000000         0.0000000000
      739.6100000000         0.0000000000
      741.3100000000         0.0000000000
      743.0200000000         0.0000000000
      744.7300000000         0.0000000000
      746.4500000000         0.0000000000
      748.1700000000         0.0000000000
      749.8900000000         0.0000000000
      751.6200000000         0.0000000000
      753.3600000000         0.0000000000
      755.0900000000         0.0000000000
      756.8300000000         0.0000000000
      758.5800000000         0.0000000000
      760.3300000000         0.0000000000
      762.0800000000         0.0000000000
      763.8400000000         0.0000000000
      765.6000000000         0.0000000000
      767.3600000000         0.0000000000
      769.1300000000         0.0000000000
      770.9000000000         0.0000000000
      772.6800000000         0.0000000000
      774.4600000000         0.0000000000
      776.2500000000         0.0000000000
      778.0400000000         0.0000000000
      779.8300000000         0.0000000000
      781.6300000000         0.0000000000
      783.4300000000         0.0000000000
      785.2400000000         0.0000000000
      787.0500000000         0.0000000000
      788.8600000000         0.0000000000
      790.6800000000         0.0000000000
      792.5000000000         0.0000000000
      794.3300000000         0.0000000000
      796.1600000000         0.0000000000
      797.9900000000         0.0000000000
      799.8300000000         0.0000000000
      801.6800000000         0.0000000000
      803.5300000000         0.0000000000
      805.3800000000         0.0000000000
      807.2400000000         0.0000000000
      809.1000000000         0.0000000000
      810.9600000000         0.0000000000
      812.8300000000         0.0000000000
      814.7000000000         0.0000000000
      816.5800000000         0.0000000000
      818.4600000000         0.0000000000
      820.3500000000         0.0000000000
      822.2400000000         0.0000000000
      824.1400000000         0.0000000000
      826.0400000000         0.0000000000
      827.9400000000         0.0000000000
      829.8500000000         0.0000000000
      831.7600000000         0.0000000000
      833.6800000000         0.0000000000
      835.6000000000         0.0000000000
      837.5300000000         0.0000000000
      839.4600000000         0.0000000000
      841.4000000000         0.0000000000
      843.3300000000         0.0000000000
      845.2800000000         0.0000000000
      847.2300000000         0.0000000000
      849.1800000000         0.0000000000
      851.1400000000         0.0000000000
      853.1000000000         0.0000000000
      855.0700000000         0.0000000000
      857.0400000000         0.0000000000
      859.0100000000         0.0000000000
      860.9900000000         0.0000000000
      862.9800000000         0.0000000000
      864.9700000000         0.0000000000
      866.9600000000         0.0000000000
      868.9600000000         0.0000000000
      870.9600000000         0.0000000000
      872.9700000000         0.0000000000
      874.9800000000         0.0000000000
      877.0000000000         0.0000000000
      879.0200000000         0.0000000000
      881.0500000000         0.0000000000
      883.0800000000         0.0000000000
      885.1200000000         0.0000000000
      887.1600000000         0.0000000000
      889.2000000000         0.0000000000
      891.2500000000         0.0000000000
      893.3100000000         0.0000000000
      895.3600000000         0.0000000000
      897.4300000000         0.0000000000
      899.5000000000         0.0000000000
      901.5700000000         0.0055664890
      903.6500000000         0.0055342796
      905.7300000000         0.0055012773
      907.8200000000         0.0054667080
      909.9100000000         0.0054323184
      912.0100000000         0.0053981012
      914.1100000000         0.0053640697
      916.2200000000         0.0061157513
      918.3300000000         0.0074320543
      920.4500000000         0.0087389238
      922.5700000000         0.0100367060
      924.7000000000         0.0113257775
      926.8300000000         0.0125963874
      928.9700000000         0.0138566364
      931.1100000000         0.0151080769
      933.2500000000         0.0163509939
      935.4100000000         0.0175998379
      937.5600000000         0.0189038981
      939.7200000000         0.0201990623
      941.8900000000         0.0214848164
      944.0600000000         0.0227615014
      946.2400000000         0.0237072110
      948.4200000000         0.0244019367
      950.6000000000         0.0250916146
      952.8000000000         0.0257762875
      954.9900000000         0.0264561325
      957.1900000000         0.0270933360
      959.4000000000         0.0277257226
      961.6100000000         0.0283536296
      963.8300000000         0.0289767701
      966.0500000000         0.0276017487
      968.2800000000         0.0240181945
      970.5100000000         0.0204599462
      972.7500000000         0.0169260055
      974.9900000000         0.0134153021
      977.2400000000         0.0162248909
      979.4900000000         0.0190435983
      981.7500000000         0.0218426175
      984.0100000000         0.0246228669
      986.2800000000         0.0256072823
      988.5500000000         0.0252153352
      990.8300000000         0.0248257238
      993.1200000000         0.0244386308
      995.4100000000         0.0242725853
      997.7000000000         0.0251218192
     1000.0000000000         0.0259647276
     1002.3100000000         0.0268015601
     1004.6200000000         0.0276323762
     1006.9300000000         0.0276365951
     1009.2500000000         0.0274775289
     1011.5800000000         0.0273192674
     1013.9100000000         0.0271617658
     1016.2500000000         0.0258824844
     1018.5900000000         0.0236352608
     1020.9400000000         0.0214027055
     1023.2900000000         0.0191858541
     1025.6500000000         0.0180001743
     1028.0200000000         0.0194781274
     1030.3900000000         0.0209453516
     1032.7600000000         0.0224022698
     1035.1400000000         0.0238629859
     1037.5300000000         0.0255350042
     1039.9200000000         0.0271948930
     1042.3200000000         0.0288430601
     1044.7200000000         0.0304799639
     1047.1300000000         0.0304618645
     1049.5400000000         0.0302281901
     1051.9600000000         0.0299957506
     1054.3900000000         0.0297646504
     1056.8200000000         0.0290297065
     1059.2500000000         0.0281295367
     1061.7000000000         0.0272350833
     1064.1400000000         0.0263466407
     1066.6000000000         0.0263131876
     1069.0500000000         0.0267347582
     1071.5200000000         0.0271530692
     1073.9900000000         0.0275681876
     1076.4700000000         0.0272363871
     1078.9500000000         0.0263948031
     1081.4300000000         0.0255587250
     1083.9300000000         0.0247281305
     1086.4300000000         0.0248299874
     1088.9300000000         0.0256272312
     1091.4400000000         0.0264187418
     1093.9600000000         0.0272046626
     1096.4800000000         0.0273463931
     1099.0100000000         0.0270372219
     1101.5400000000         0.0267298296
     1104.0800000000         0.0264243279
     1106.6200000000         0.0262167938
     1109.1800000000         0.0260647945
     1111.7300000000         0.0259136111
     1114.2900000000         0.0257631913
     1116.8600000000         0.0252710916
     1119.4400000000         0.0246525556
     1122.0200000000         0.0240381807
     1124.6000000000         0.0234277770
     1127.2000000000         0.0239042938
     1129.8000000000         0.0245715175
     1132.4000000000         0.0252338871
     1135.0100000000         0.0258870814
     1137.6300000000         0.0254743956
     1140.2500000000         0.0250642840
     1142.8800000000         0.0246567428
     1145.5100000000         0.0243259147
     1148.1500000000         0.0243036728
     1150.8000000000         0.0242813304
     1153.4500000000         0.0242588781
     1156.1100000000         0.0242190845
     1158.7800000000         0.0241553877
     1161.4500000000         0.0240918584
     1164.1300000000         0.0240285248
     1166.8100000000         0.0229438562
     1169.5000000000         0.0213736389
     1172.2000000000         0.0198144130
     1174.9000000000         0.0182657763
     1177.6100000000         0.0193199217
     1180.3200000000         0.0204687621
     1183.0400000000         0.0216092076
     1185.7700000000         0.0221774653
     1188.5000000000         0.0213067979
     1191.2400000000         0.0204420760
     1193.9900000000         0.0195831191
     1196.7400000000         0.0188265294
     1199.5000000000         0.0181313436
     1202.2600000000         0.0174407270
     1205.0400000000         0.0167460516
     1207.8100000000         0.0153899603
     1210.6000000000         0.0140433069
     1213.3900000000         0.0127058104
     1216.1900000000         0.0126007106
     1218.9900000000         0.0141543448
     1221.8000000000         0.0156971384
     1224.6200000000         0.0172295421
     1227.4400000000         0.0182375535
     1230.2700000000         0.0191578679
     1233.1000000000         0.0200716276
     1235.9500000000         0.0207451731
     1238.8000000000         0.0209468007
     1241.6500000000         0.0211468190
     1244.5100000000         0.0213452913
     1247.3800000000         0.0212629158
     1250.2600000000         0.0211241581
     1253.1400000000         0.0209860932
     1256.0300000000         0.0207715388
     1258.9300000000         0.0204191320
     1261.8300000000         0.0200688578
     1264.7400000000         0.0197208673
     1267.6500000000         0.0202078633
     1270.5700000000         0.0207739361
     1273.5000000000         0.0213360060
     1276.4400000000         0.0216494054
     1279.3800000000         0.0217066891
     1282.3300000000         0.0217633583
     1285.2900000000         0.0217464566
     1288.2500000000         0.0210517421
     1291.2200000000         0.0203614142
     1294.2000000000         0.0196757987
     1297.1800000000         0.0194191430
     1300.1700000000         0.0193203427
     1303.1700000000         0.0192219988
     1306.1700000000         0.0193762966
     1309.1800000000         0.0199232865
     1312.2000000000         0.0204664133
     1315.2200000000         0.0209472626
     1318.2600000000         0.0207009595
     1321.3000000000         0.0204560645
     1324.3400000000         0.0202127006
     1327.3900000000         0.0198762193
     1330.4500000000         0.0195158068
     1333.5200000000         0.0191577394
     1336.6000000000         0.0191609114
     1339.6800000000         0.0194957759
     1342.7700000000         0.0198282022
     1345.8600000000         0.0200144146
     1348.9600000000         0.0198267754
     1352.0700000000         0.0196401700
     1355.1900000000         0.0194423646
     1358.3100000000         0.0190555546
     1361.4400000000         0.0186711159
     1364.5800000000         0.0182892028
     1367.7300000000         0.0182398967
     1370.8800000000         0.0182410609
     1374.0400000000         0.0182420257
     1377.2100000000         0.0182143003
     1380.3800000000         0.0181742460
     1383.5700000000         0.0181342661
     1386.7600000000         0.0176059175
     1389.9500000000         0.0166831352
     1393.1600000000         0.0157662984
     1396.3700000000         0.0151947150
     1399.5900000000         0.0150823155
     1402.8100000000         0.0149705047
     1406.0500000000         0.0151059218
     1409.2900000000         0.0157537013
     1412.5400000000         0.0163968503
     1415.7900000000         0.0168415923
     1419.0600000000         0.0166827757
     1422.3300000000         0.0165248848
     1425.6100000000         0.0164050963
     1428.8900000000         0.0164492521
     1432.1900000000         0.0164929274
     1435.4900000000         0.0165464506
     1438.8000000000         0.0166585110
     1442.1200000000         0.0167653430
     1445.4400000000         0.0167525746
     1448.7700000000         0.0166408345
     1452.1100000000         0.0164428335
     1455.4600000000         0.0162376799
     1458.8100000000         0.0159812290
     1462.1800000000         0.0157264341
     1465.5500000000         0.0155042997
     1468.9300000000         0.0154433856
     1472.3100000000         0.0153827444
     1475.7100000000         0.0153335100
     1479.1100000000         0.0153268017
     1482.5200000000         0.0153199732
     1485.9400000000         0.0152998045
     1489.3600000000         0.0152445910
     1492.7900000000         0.0151895853
     1496.2400000000         0.0150846336
     1499.6800000000         0.0148908719
     1503.1400000000         0.0146982456
     1506.6100000000         0.0143779498
     1510.0800000000         0.0139110247
     1513.5600000000         0.0137647102
     1517.0500000000         0.0140034202
     1520.5500000000         0.0138664925
     1524.0500000000         0.0137303621
     1527.5700000000         0.0133293252
     1531.0900000000         0.0128331445
     1534.6200000000         0.0123402327
     1538.1500000000         0.0121624917
     1541.7000000000         0.0120237125
     1545.2500000000         0.0118868174
     1548.8200000000         0.0117644118
     1552.3900000000         0.0116427513
     1555.9700000000         0.0116077242
     1559.5500000000         0.0118048387
     1563.1500000000         0.0120005254
     1566.7500000000         0.0121915098
     1570.3600000000         0.0123776952
     1573.9800000000         0.0125625115
     1577.6100000000         0.0126540754
     1581.2500000000         0.0127091948
     1584.8900000000         0.0127638141
     1588.5500000000         0.0127893193
     1592.2100000000         0.0128136547
     1595.8800000000         0.0127867181
     1599.5600000000         0.0125984326
     1603.2500000000         0.0124113066
     1606.9400000000         0.0122813815
     1610.6500000000         0.0122027602
     1614.3600000000         0.0121245701
     1618.0800000000         0.0120033538
     1621.8100000000         0.0118737845
     1625.5500000000         0.0117805302
     1629.3000000000         0.0118938480
     1633.0500000000         0.0120062800
     1636.8200000000         0.0120489486
     1640.5900000000         0.0120175397
     1644.3700000000         0.0119862249
     1648.1600000000         0.0118368370
     1651.9600000000         0.0116649624
     1655.7700000000         0.0115620187
     1659.5900000000         0.0117271300
     1663.4100000000         0.0118909394
     1667.2500000000         0.0116611365
     1671.0900000000         0.0111560961
     1674.9400000000         0.0116516165
     1678.8000000000         0.0120820012
     1682.6700000000         0.0120894155
     1686.5500000000         0.0120071201
     1690.4400000000         0.0117914872
     1694.3400000000         0.0115772150
     1698.2400000000         0.0114246355
     1702.1600000000         0.0112853283
     1706.0800000000         0.0111402469
     1710.0200000000         0.0109786727
     1713.9600000000         0.0108181369
     1717.9100000000         0.0107198963
     1721.8700000000         0.0106441388
     1725.8400000000         0.0106167700
     1729.8200000000         0.0107683046
     1733.8000000000         0.0109186806
     1737.8000000000         0.0108887963
     1741.8100000000         0.0107826637
     1745.8200000000         0.0107183363
     1749.8500000000         0.0108140744
     1753.8800000000         0.0109090200
     1757.9200000000         0.0107535506
     1761.9800000000         0.0105035733
     1766.0400000000         0.0103231715
     1770.1100000000         0.0103413370
     1774.1900000000         0.0103592696
     1778.2800000000         0.0103732394
     1782.3800000000         0.0103860795
     1786.4900000000         0.0104272440
     1790.6100000000         0.0105182063
     1794.7300000000         0.0106084086
     1798.8700000000         0.0105651245
     1803.0200000000         0.0105128894
     1807.1700000000         0.0103750983
     1811.3400000000         0.0101600746
     1815.5200000000         0.0099718301
     1819.7000000000         0.0099649196
     1823.9000000000         0.0099579496
     1828.1000000000         0.0098752072
     1832.3100000000         0.0097659854
     1836.5400000000         0.0096003124
     1840.7700000000         0.0093361689
     1845.0200000000         0.0090746637
     1849.2700000000         0.0090791928
     1853.5300000000         0.0090835933
     1857.8000000000         0.0091142161
     1862.0900000000         0.0091582844
     1866.3800000000         0.0092195785
     1870.6800000000         0.0093174875
     1874.9900000000         0.0094146477
     1879.3200000000         0.0091765886
     1883.6500000000         0.0089396508
     1887.9900000000         0.0087794252
     1892.3400000000         0.0086541539
     1896.7100000000         0.0086217858
     1901.0800000000         0.0087327641
     1905.4600000000         0.0088196062
     1909.8500000000         0.0087082377
     1914.2600000000         0.0085975155
     1918.6700000000         0.0084804352
     1923.0900000000         0.0083626406
     1927.5200000000         0.0083388789
     1931.9700000000         0.0083855912
     1936.4200000000         0.0084558446
     1940.8900000000         0.0085764965
     1945.3600000000         0.0086683491
     1949.8400000000         0.0084414845
     1954.3400000000         0.0082160952
     1958.8400000000         0.0083132144
     1963.3600000000         0.0084646121
     1967.8900000000         0.0085953167
     1972.4200000000         0.0086448397
     1976.9700000000         0.0086389715
     1981.5300000000         0.0084307026
     1986.0900000000         0.0082740951
     1990.6700000000         0.0081777275
     1995.2600000000         0.0080889491
     1999.8600000000         0.0081157992
     2004.4700000000         0.0081423847
     2009.0900000000         0.0080803046
     2013.7200000000         0.0080071930
     2018.3700000000         0.0080170166
     2023.0200000000         0.0080579147
     2027.6800000000         0.0079993540
     2032.3600000000         0.0078681093
     2037.0400000000         0.0078130672
     2041.7400000000         0.0078557152
     2046.4400000000         0.0077867783
     2051.1600000000         0.0074674799
     2055.8900000000         0.0072248476
     2060.6300000000         0.0073040249
     2065.3800000000         0.0073988419
     2070.1400000000         0.0076791071
     2074.9100000000         0.0078506479
     2079.7000000000         0.0076930295
     2084.4900000000         0.0077579585
     2089.3000000000         0.0076200734
     2094.1100000000         0.0074591469
     2098.9400000000         0.0074293809
     2103.7800000000         0.0074290172
     2108.6300000000         0.0074343164
     2113.4900000000         0.0074414304
     2118.3600000000         0.0074443417
     2123.2400000000         0.0074453270
     2128.1400000000         0.0073306481
     2133.0400000000         0.0071521113
     2137.9600000000         0.0070957984
     2142.8900000000         0.0071195061
     2147.8300000000         0.0071573798
     2152.7800000000         0.0072056144
     2157.7400000000         0.0071612890
     2162.7200000000         0.0070428173
     2167.7000000000         0.0069731176
     2172.7000000000         0.0069442228
     2177.7100000000         0.0069069886
     2182.7300000000         0.0068627824
     2187.7600000000         0.0068895048
     2192.8000000000         0.0069739595
     2197.8600000000         0.0069581782
     2202.9300000000         0.0068661543
     2208.0000000000         0.0067455643
     2213.0900000000         0.0066056484
     2218.2000000000         0.0065111518
     2223.3100000000         0.0064436970
     2228.4400000000         0.0064994637
     2233.5700000000         0.0066150711
     2238.7200000000         0.0065621962
     2243.8800000000         0.0064454353
     2249.0500000000         0.0063310280
     2254.2400000000         0.0062178257
     2259.4400000000         0.0062112012
     2264.6400000000         0.0062226895
     2269.8600000000         0.0062566041
     2275.1000000000         0.0062917150
     2280.3400000000         0.0063185776
     2285.6000000000         0.0063229632
     2290.8700000000         0.0061547793
     2296.1500000000         0.0060268007
     2301.4400000000         0.0060401363
     2306.7500000000         0.0060208929
     2312.0600000000         0.0059358338
     2317.3900000000         0.0057047163
     2322.7400000000         0.0052959593
     2328.0900000000         0.0052634850
     2333.4600000000         0.0055041583
     2338.8400000000         0.0054937555
     2344.2300000000         0.0053834151
     2349.6300000000         0.0054924823
     2355.0500000000         0.0056340545
     2360.4800000000         0.0054469053
     2365.9200000000         0.0053001307
     2371.3700000000         0.0053465124
     2376.8400000000         0.0053105606
     2382.3200000000         0.0051136636
     2387.8100000000         0.0050699208
     2393.3200000000         0.0051709535
     2398.8300000000         0.0051486208
     2404.3600000000         0.0050725974
     2409.9100000000         0.0050738202
     2415.4600000000         0.0050928327
     2421.0300000000         0.0051990030
     2426.6100000000         0.0052471370
     2432.2000000000         0.0051539368
     2437.8100000000         0.0051479167
     2443.4300000000         0.0052278759
     2449.0600000000         0.0052162320
     2454.7100000000         0.0051695541
     2460.3700000000         0.0051351632
     2466.0400000000         0.0050908816
     2471.7200000000         0.0049991184
     2477.4200000000         0.0049483636
     2483.1300000000         0.0049524982
     2488.8600000000         0.0048085325
     2494.5900000000         0.0045940094
     2500.3500000000         0.0048369961
     2506.1100000000         0.0049987254
     2511.8900000000         0.0046816906
     2517.6800000000         0.0046674269
     2523.4800000000         0.0045785815
     2529.3000000000         0.0045598359
     2535.1300000000         0.0045678671
     2540.9700000000         0.0045374595
     2546.8300000000         0.0045524156
     2552.7000000000         0.0046664923
     2558.5900000000         0.0046711648
     2564.4800000000         0.0046062842
     2570.3900000000         0.0046767741
     2576.3200000000         0.0047337436
     2582.2600000000         0.0047002160
     2588.2100000000         0.0046594087
     2594.1800000000         0.0046124724
     2600.1600000000         0.0045358245
     2606.1500000000         0.0044603245
     2612.1600000000         0.0044080094
     2618.1800000000         0.0044275662
     2624.2200000000         0.0045105973
     2630.2700000000         0.0045676953
     2636.3300000000         0.0046455734
     2642.4100000000         0.0048113712
     2648.5000000000         0.0049079512
     2654.6100000000         0.0049535697
     2660.7200000000         0.0047522546
     2666.8600000000         0.0046202797
     2673.0100000000         0.0046841870
     2679.1700000000         0.0047118119
     2685.3400000000         0.0047133500
     2691.5300000000         0.0045662955
     2697.7400000000         0.0045079063
     2703.9600000000         0.0045606154
     2710.1900000000         0.0044548051
     2716.4400000000         0.0043424382
     2722.7000000000         0.0043123723
     2728.9800000000         0.0043499940
     2735.2700000000         0.0044113016
     2741.5700000000         0.0041377833
     2747.8900000000         0.0040105279
     2754.2300000000         0.0040547173
     2760.5800000000         0.0041189855
     2766.9400000000         0.0041876463
     2773.3200000000         0.0042605107
     2779.7100000000         0.0041690241
     2786.1200000000         0.0039728084
     2792.5400000000         0.0035564508
     2798.9800000000         0.0034617193
     2805.4300000000         0.0035835789
     2811.9000000000         0.0039768945
     2818.3800000000         0.0042107375
     2824.8800000000         0.0042995634
     2831.3900000000         0.0042214044
     2837.9200000000         0.0041400101
     2844.4600000000         0.0040583634
     2851.0200000000         0.0039454466
     2857.5900000000         0.0039512506
     2864.1800000000         0.0041423906
     2870.7800000000         0.0041787894
     2877.4000000000         0.0041799652
     2884.0300000000         0.0041579562
     2890.6800000000         0.0041464092
     2897.3400000000         0.0041799154
     2904.0200000000         0.0042927358
     2910.7200000000         0.0043865414
     2917.4300000000         0.0043281210
     2924.1500000000         0.0042700567
     2930.8900000000         0.0042153252
     2937.6500000000         0.0041804793
     2944.4200000000         0.0041458285
     2951.2100000000         0.0041183699
     2958.0100000000         0.0041232961
     2964.8300000000         0.0041281446
     2971.6700000000         0.0041295830
     2978.5200000000         0.0041206488
     2985.3800000000         0.0041117333
     2992.2600000000         0.0041044899
     2999.1600000000         0.0041006207
     3006.0800000000         0.0040967353
     3013.0100000000         0.0040915539
     3019.9500000000         0.0040846947
     3026.9100000000         0.0040778411
     3033.8900000000         0.0040722233
     3040.8900000000         0.0040675756
     3047.8900000000         0.0040629162
     3054.9200000000         0.0040591075
     3061.9600000000         0.0040556481
     3069.0200000000         0.0040521692
     3076.1000000000         0.0040447363
     3083.1900000000         0.0040366813
     3090.3000000000         0.0040288707
     3097.4200000000         0.0040264293
     3104.5600000000         0.0040239627
     3111.7200000000         0.0040137786
     3118.8900000000         0.0039793057
     3126.0800000000         0.0039450298
     3133.2800000000         0.0039238832
     3140.5100000000         0.0039182468
     3147.7500000000         0.0039126095
     3155.0000000000         0.0039129076
     3162.2800000000         0.0039158296
     3169.5700000000         0.0039186897
     3176.8700000000         0.0038523201
     3184.2000000000         0.0037820013
     3191.5400000000         0.0037327514
     3198.8900000000         0.0037613888
     3206.2700000000         0.0037897958
     3213.6600000000         0.0037724029
     3221.0700000000         0.0037087675
     3228.4900000000         0.0036455307
     3235.9400000000         0.0036927736
     3243.4000000000         0.0037675197
     3250.8700000000         0.0038376760
     3258.3700000000         0.0038768097
     3265.8800000000         0.0039156238
     3273.4100000000         0.0039287740
     3280.9500000000         0.0039111744
     3288.5200000000         0.0038936569
     3296.1000000000         0.0038742782
     3303.6900000000         0.0038545195
     3311.3100000000         0.0038356422
     3318.9400000000         0.0038206512
     3326.5900000000         0.0038057233
     3334.2600000000         0.0037816227
     3341.9500000000         0.0037502989
     3349.6500000000         0.0037191517
     3357.3800000000         0.0036427181
     3365.1200000000         0.0035646579
     3372.8700000000         0.0035222338
     3380.6500000000         0.0035396907
     3388.4400000000         0.0035569861
     3396.2500000000         0.0035627591
     3404.0800000000         0.0035656274
     3411.9300000000         0.0035696346
     3419.7900000000         0.0035772354
     3427.6800000000         0.0035847456
     3435.5800000000         0.0035881409
     3443.5000000000         0.0035898020
     3451.4400000000         0.0035901929
     3459.3900000000         0.0035850306
     3467.3700000000         0.0035798671
     3475.3600000000         0.0035920185
     3483.3700000000         0.0036125295
     3491.4000000000         0.0036325743
     3499.4500000000         0.0036510571
     3507.5200000000         0.0036693742
     3515.6000000000         0.0036397553
     3523.7100000000         0.0035891999
     3531.8300000000         0.0035612227
     3539.9700000000         0.0036097711
     3548.1300000000         0.0036579352
     3556.3100000000         0.0035655454
     3564.5100000000         0.0034323675
     3572.7300000000         0.0033397567
     3580.9600000000         0.0033273397
     3589.2200000000         0.0033149726
     3597.4900000000         0.0033679320
     3605.7900000000         0.0034272729
     3614.1000000000         0.0034604471
     3622.4300000000         0.0034669645
     3630.7800000000         0.0034740278
     3639.1500000000         0.0034870983
     3647.5400000000         0.0035937750
     3655.9500000000         0.0036118680
     3664.3700000000         0.0035892169
     3672.8200000000         0.0035496233
     3681.2900000000         0.0034763166
     3689.7800000000         0.0034034944
     3698.2800000000         0.0035172596
     3706.8100000000         0.0036352731
     3715.3500000000         0.0036050424
     3723.9200000000         0.0034872764
     3732.5000000000         0.0034692606
     3741.1100000000         0.0036915150
     3749.7300000000         0.0039121993
     3758.3700000000         0.0040207878
     3767.0400000000         0.0041250442
     3775.7200000000         0.0042801597
     3784.4200000000         0.0044608475
     3793.1500000000         0.0046312227
     3801.8900000000         0.0047843237
     3810.6600000000         0.0048918226
     3819.4400000000         0.0044505964
     3828.2500000000         0.0040124697
     3837.0700000000         0.0042909933
     3845.9200000000         0.0047441982
     3854.7800000000         0.0050204745
     3863.6700000000         0.0051469598
     3872.5700000000         0.0050787386
     3881.5000000000         0.0045354324
     3890.4500000000         0.0040567000
     3899.4200000000         0.0047237501
     3908.4100000000         0.0053863078
     3917.4200000000         0.0051213400
     3926.4500000000         0.0046606944
     3935.5000000000         0.0046802494
     3944.5700000000         0.0050069569
     3953.6700000000         0.0048771766
     3962.7800000000         0.0040771808
     3971.9200000000         0.0036557773
     3981.0700000000         0.0046413252
     3990.2500000000         0.0055989181
     3999.4500000000         0.0057893069
     4008.6700000000         0.0059782788
     4017.9100000000         0.0059874645
     4027.1700000000         0.0059664971
     4036.4500000000         0.0059338864
     4045.7600000000         0.0058963071
     4055.0900000000         0.0058218944
     4064.4300000000         0.0057171457
     4073.8000000000         0.0055894121
     4083.1900000000         0.0054279482
     4092.6100000000         0.0052181706
     4102.0400000000         0.0048813233
     4111.5000000000         0.0046751364
     4120.9800000000         0.0051522404
     4130.4700000000         0.0056047025
     4140.0000000000         0.0056515411
     4149.5400000000         0.0056980071
     4159.1100000000         0.0056948811
     4168.6900000000         0.0056892396
     4178.3000000000         0.0056538051
     4187.9400000000         0.0056138658
     4197.5900000000         0.0056083961
     4207.2600000000         0.0056121992
     4216.9600000000         0.0055810814
     4226.6900000000         0.0055364771
     4236.4300000000         0.0055207736
     4246.2000000000         0.0055198581
     4255.9800000000         0.0054671597
     4265.7900000000         0.0053819497
     4275.6300000000         0.0053058779
     4285.4800000000         0.0052366760
     4295.3600000000         0.0050950670
     4305.2600000000         0.0048932019
     4315.1900000000         0.0047812210
     4325.1400000000         0.0047506187
     4335.1100000000         0.0046294378
     4345.1000000000         0.0044228067
     4355.1200000000         0.0045847069
     4365.1600000000         0.0050959028
     4375.2200000000         0.0053055859
     4385.3100000000         0.0052379170
     4395.4200000000         0.0052314675
     4405.5500000000         0.0052775899
     4415.7000000000         0.0053303191
     4425.8800000000         0.0053880457
     4436.0800000000         0.0054066828
     4446.3100000000         0.0053990525
     4456.5600000000         0.0054144026
     4466.8300000000         0.0054424764
     4477.1300000000         0.0054553151
     4487.4500000000         0.0054613687
     4497.8000000000         0.0055625094
     4508.1700000000         0.0056939106
     4518.5600000000         0.0055780797
     4528.9700000000         0.0054103462
     4539.4100000000         0.0054008677
     4549.8800000000         0.0054084756
     4560.3700000000         0.0054994035
     4570.8800000000         0.0055745142
     4581.4200000000         0.0054733381
     4591.9800000000         0.0053986516
     4602.5600000000         0.0054361327
     4613.1800000000         0.0054443767
     4623.8100000000         0.0053849537
     4634.4700000000         0.0053532575
     4645.1500000000         0.0053595696
     4655.8600000000         0.0053765918
     4666.5900000000         0.0054023559
     4677.3500000000         0.0053731687
     4688.1300000000         0.0053188056
     4698.9400000000         0.0052487268
     4709.7700000000         0.0051757339
     4720.6300000000         0.0052375877
     4731.5100000000         0.0052958168
     4742.4200000000         0.0053164712
     4753.3500000000         0.0053245346
     4764.3100000000         0.0053045000
     4775.2900000000         0.0052796332
     4786.3000000000         0.0052496023
     4797.3300000000         0.0052121952
     4808.3900000000         0.0051712147
     4819.4800000000         0.0051403092
     4830.5900000000         0.0050969310
     4841.7200000000         0.0047988854
     4852.8800000000         0.0044984082
     4864.0700000000         0.0041872174
     4875.2800000000         0.0042560636
     4886.5200000000         0.0047472659
     4897.7900000000         0.0049241134
     4909.0800000000         0.0049611526
     4920.3900000000         0.0049272962
     4931.7400000000         0.0049042101
     4943.1100000000         0.0049741468
     4954.5000000000         0.0050074621
     4965.9200000000         0.0049853837
     4977.3700000000         0.0048993286
     4988.8400000000         0.0047784764
     5000.3400000000         0.0046870932
     5011.8700000000         0.0046261838
     5023.4300000000         0.0047032041
     5035.0000000000         0.0047360747
     5046.6100000000         0.0047115963
     5058.2500000000         0.0047458583
     5069.9100000000         0.0048038601
     5081.5900000000         0.0047195908
     5093.3100000000         0.0046617487
     5105.0500000000         0.0046728486
     5116.8200000000         0.0046429266
     5128.6100000000         0.0045835311
     5140.4400000000         0.0045192423
     5152.2900000000         0.0044507491
     5164.1600000000         0.0043663159
     5176.0700000000         0.0043377657
     5188.0000000000         0.0043625063
     5199.9600000000         0.0044075069
     5211.9500000000         0.0044535412
     5223.9600000000         0.0044851652
     5236.0000000000         0.0045221164
     5248.0700000000         0.0045643831
     5260.1700000000         0.0044254037
     5272.3000000000         0.0043152929
     5284.4500000000         0.0044709779
     5296.6300000000         0.0045674387
     5308.8400000000         0.0046146451
     5321.0800000000         0.0044724448
     5333.3500000000         0.0043844357
     5345.6400000000         0.0044908947
     5357.9600000000         0.0045141433
     5370.3200000000         0.0044915574
     5382.7000000000         0.0044453684
     5395.1000000000         0.0043996917
     5407.5400000000         0.0043546231
     5420.0100000000         0.0043537244
     5432.5000000000         0.0043693823
     5445.0200000000         0.0044081225
     5457.5800000000         0.0043916898
     5470.1600000000         0.0043400037
     5482.7700000000         0.0043360512
     5495.4100000000         0.0043256390
     5508.0800000000         0.0043066670
     5520.7700000000         0.0043146401
     5533.5000000000         0.0043289000
     5546.2600000000         0.0043472177
     5559.0400000000         0.0043196557
     5571.8500000000         0.0042729331
     5584.7000000000         0.0042239800
     5597.5700000000         0.0042276434
     5610.4800000000         0.0042656357
     5623.4100000000         0.0042486363
     5636.3800000000         0.0042395573
     5649.3700000000         0.0042385831
     5662.3900000000         0.0041937283
     5675.4500000000         0.0041796057
     5688.5300000000         0.0042110961
     5701.6400000000         0.0041641081
     5714.7900000000         0.0041644564
     5727.9600000000         0.0042639608
     5741.1600000000         0.0042203185
     5754.4000000000         0.0041767661
     5767.6600000000         0.0041852468
     5780.9600000000         0.0041383603
     5794.2900000000         0.0041103028
     5807.6400000000         0.0041461820
     5821.0300000000         0.0041742865
     5834.4500000000         0.0041721463
     5847.9000000000         0.0041128052
     5861.3800000000         0.0040944424
     5874.8900000000         0.0040392671
     5888.4400000000         0.0039063836
     5902.0100000000         0.0039761043
     5915.6100000000         0.0040276391
     5929.2500000000         0.0040164925
     5942.9200000000         0.0040115714
     5956.6200000000         0.0040145232
     5970.3500000000         0.0040241680
     5984.1200000000         0.0039855074
     5997.9100000000         0.0039497176
     6011.7300000000         0.0039227461
     6025.6000000000         0.0039421497
     6039.4800000000         0.0039589806
     6053.4100000000         0.0039670225
     6067.3600000000         0.0039517996
     6081.3500000000         0.0039050416
     6095.3700000000         0.0038692437
     6109.4200000000         0.0038626019
     6123.5000000000         0.0037859278
     6137.6200000000         0.0037572109
     6151.7700000000         0.0037610563
     6165.9500000000         0.0036910863
     6180.1600000000         0.0037195429
     6194.4100000000         0.0037612757
     6208.6900000000         0.0037460327
     6223.0000000000         0.0036962489
     6237.3500000000         0.0036370889
     6251.7300000000         0.0035880748
     6266.1400000000         0.0036539927
     6280.5800000000         0.0036826697
     6295.0600000000         0.0036769484
     6309.5700000000         0.0036326582
     6324.1200000000         0.0036402734
     6338.6900000000         0.0036428648
     6353.3100000000         0.0036389239
     6367.9500000000         0.0036278437
     6382.6300000000         0.0036316011
     6397.3500000000         0.0036087362
     6412.0900000000         0.0035664206
     6426.8800000000         0.0035808817
     6441.6900000000         0.0035776054
     6456.5400000000         0.0035638679
     6471.4200000000         0.0035405117
     6486.3400000000         0.0034947947
     6501.3000000000         0.0035054416
     6516.2800000000         0.0035143208
     6531.3000000000         0.0034861225
     6546.3600000000         0.0033567317
     6561.4500000000         0.0031285491
     6576.5800000000         0.0031218580
     6591.7400000000         0.0034111666
     6606.9300000000         0.0034647207
     6622.1600000000         0.0034667158
     6637.4300000000         0.0034525143
     6652.7300000000         0.0034306543
     6668.0700000000         0.0033892766
     6683.4400000000         0.0034112155
     6698.8500000000         0.0033913725
     6714.2900000000         0.0033585343
     6729.7600000000         0.0033892172
     6745.2800000000         0.0033548691
     6760.8300000000         0.0033567925
     6776.4100000000         0.0033547711
     6792.0400000000         0.0033280980
     6807.6900000000         0.0033277450
     6823.3800000000         0.0033284279
     6839.1100000000         0.0033020931
     6854.8800000000         0.0032773514
     6870.6800000000         0.0032987332
     6886.5200000000         0.0032975534
     6902.4000000000         0.0032870185
     6918.3100000000         0.0032725679
     6934.2600000000         0.0032540045
     6950.2400000000         0.0032279263
     6966.2600000000         0.0032332996
     6982.3200000000         0.0032331801
     6998.4200000000         0.0032081676
     7014.5500000000         0.0031775851
     7030.7200000000         0.0031855602
     7046.9300000000         0.0031761324
     7063.1800000000         0.0031566552
     7079.4600000000         0.0031198394
     7095.7700000000         0.0030849825
     7112.1400000000         0.0030696827
     7128.5300000000         0.0030303798
     7144.9600000000         0.0030002058
     7161.4300000000         0.0029958778
     7177.9400000000         0.0029929045
     7194.4900000000         0.0029856602
     7211.0700000000         0.0029966531
     7227.7000000000         0.0030378434
     7244.3600000000         0.0030255616
     7261.0600000000         0.0030090259
     7277.8000000000         0.0029875063
     7294.5700000000         0.0029734503
     7311.3900000000         0.0029977281
     7328.2500000000         0.0029863364
     7345.1400000000         0.0029691795
     7362.0700000000         0.0030035703
     7379.0400000000         0.0029825303
     7396.0500000000         0.0029321224
     7413.1000000000         0.0029514013
     7430.1900000000         0.0029797913
     7447.3200000000         0.0029572144
     7464.4900000000         0.0029700673
     7481.6900000000         0.0029584814
     7498.9400000000         0.0029590300
     7516.2300000000         0.0029741926
     7533.5500000000         0.0029727959
     7550.9200000000         0.0029745868
     7568.3300000000         0.0029442930
     7585.7700000000         0.0029136154
     7603.2600000000         0.0029119956
     7620.7900000000         0.0029060799
     7638.3600000000         0.0028737886
     7655.9600000000         0.0028270353
     7673.6100000000         0.0028078349
     7691.3000000000         0.0028476068
     7709.0300000000         0.0027858112
     7726.8100000000         0.0028009529
     7744.6200000000         0.0027895691
     7762.4700000000         0.0027837001
     7780.3600000000         0.0027935491
     7798.3000000000         0.0027991321
     7816.2800000000         0.0027883509
     7834.2900000000         0.0027720681
     7852.3600000000         0.0027520596
     7870.4600000000         0.0027186892
     7888.6000000000         0.0026735370
     7906.7900000000         0.0026347153
     7925.0100000000         0.0026584973
     7943.2800000000         0.0026353267
     7961.5900000000         0.0026315767
     7979.9500000000         0.0026534193
     7998.3400000000         0.0026875320
     8016.7800000000         0.0027094046
     8035.2600000000         0.0026858994
     8053.7800000000         0.0026618431
     8072.3500000000         0.0026462944
     8090.9600000000         0.0026131724
     8109.6100000000         0.0026036499
     8128.3000000000         0.0026221697
     8147.0400000000         0.0026388683
     8165.8200000000         0.0026295681
     8184.6500000000         0.0025897813
     8203.5100000000         0.0025896423
     8222.4300000000         0.0025873412
     8241.3800000000         0.0025815477
     8260.3800000000         0.0025775968
     8279.4200000000         0.0025788462
     8298.5100000000         0.0025604761
     8317.6300000000         0.0025264150
     8336.8100000000         0.0025230302
     8356.0300000000         0.0025198378
     8375.2900000000         0.0025045655
     8394.6000000000         0.0024949359
     8413.9500000000         0.0024972570
     8433.3500000000         0.0024697047
     8452.7900000000         0.0024476133
     8472.2700000000         0.0024318667
     8491.8000000000         0.0024485588
     8511.3800000000         0.0023856377
     8531.0000000000         0.0024665515
     8550.6700000000         0.0022783210
     8570.3800000000         0.0024711189
     8590.1400000000         0.0024180254
     8609.9400000000         0.0024049389
     8629.7800000000         0.0024869184
     8649.6700000000         0.0024698621
     8669.6200000000         0.0022542265
     8689.6000000000         0.0024253887
     8709.6300000000         0.0024875789
     8729.7100000000         0.0024175555
     8749.8400000000         0.0022764956
     8770.0000000000         0.0024013261
     8790.2300000000         0.0024724493
     8810.4900000000         0.0023600133
     8830.8000000000         0.0024061422
     8851.1500000000         0.0023511194
     8871.5600000000         0.0022928719
     8892.0100000000         0.0023361028
     8912.5100000000         0.0023613025
     8933.0500000000         0.0023623907
     8953.6500000000         0.0023725892
     8974.2800000000         0.0023516160
     8994.9800000000         0.0022982603
     9015.7100000000         0.0022298058
     9036.4900000000         0.0022852644
     9057.3300000000         0.0023169697
     9078.2000000000         0.0023089887
     9099.1300000000         0.0022800611
     9120.1000000000         0.0022867920
     9141.1300000000         0.0022873702
     9162.2000000000         0.0022774362
     9183.3200000000         0.0022621246
     9204.5000000000         0.0021738431
     9225.7100000000         0.0020922460
     9246.9800000000         0.0021243058
     9268.3000000000         0.0021820059
     9289.6600000000         0.0022088289
     9311.0800000000         0.0021695357
     9332.5400000000         0.0021829989
     9354.0600000000         0.0021578986
     9375.6200000000         0.0021692361
     9397.2300000000         0.0021687509
     9418.9000000000         0.0021540101
     9440.6100000000         0.0021196809
     9462.3700000000         0.0021145651
     9484.1800000000         0.0021242078
     9506.0500000000         0.0021099094
     9527.9600000000         0.0020985585
     9549.9200000000         0.0020044849
     9571.9400000000         0.0020908325
     9594.0000000000         0.0020949687
     9616.1200000000         0.0021002314
     9638.2900000000         0.0020861535
     9660.5100000000         0.0020703685
     9682.7700000000         0.0020748703
     9705.1000000000         0.0020679908
     9727.4700000000         0.0020508941
     9749.8900000000         0.0020065089
     9772.3700000000         0.0020399652
     9794.9000000000         0.0020212359
     9817.4800000000         0.0020572266
     9840.1100000000         0.0020444223
     9862.7900000000         0.0020016904
     9885.5300000000         0.0019807192
     9908.3200000000         0.0019881628
     9931.1600000000         0.0020090146
     9954.0500000000         0.0019999535
     9977.0000000000         0.0019979472
    10000.0000000000         0.0019823404
    10000.0000000000         0.0019823404
    10115.8000000000         0.0018988634
    10232.9400000000         0.0018523242
    10351.4200000000         0.0018431911
    10471.2900000000         0.0017821027
    10592.5400000000         0.0017578065
    10715.2000000000         0.0017194079
    10839.2700000000         0.0016621192
    10964.7800000000         0.0015739178
    11091.7500000000         0.0015434051
    11220.1900000000         0.0015758094
    11350.1000000000         0.0014995489
    11481.5400000000         0.0014723866
    11614.4900000000         0.0014795780
    11748.9800000000         0.0014198825
    11885.0200000000         0.0013809087
    12022.6400000000         0.0013660680
    12161.8600000000         0.0013278925
    12302.6900000000         0.0012980169
    12445.1400000000         0.0012574001
    12589.2500000000         0.0012412471
    12735.0300000000         0.0012347805
    12882.5000000000         0.0011839104
    13031.6600000000         0.0012101481
    13182.5600000000         0.0011625690
    13335.2100000000         0.0011301037
    13489.6300000000         0.0011477082
    13645.8400000000         0.0010959258
    13803.8400000000         0.0010951846
    13963.6800000000         0.0010509429
    14125.3800000000         0.0009863873
    14288.9500000000         0.0010130220
    14454.3900000000         0.0009721987
    14621.7700000000         0.0009617960
    14791.0900000000         0.0009341557
    14962.3600000000         0.0009478616
    15135.6100000000         0.0008990362
    15310.8700000000         0.0009142301
    15488.1700000000         0.0008935693
    15667.5200000000         0.0008889978
    15848.9200000000         0.0008521518
    16032.4500000000         0.0008654952
    16218.1000000000         0.0008272453
    16405.9000000000         0.0008434391
    16595.8600000000         0.0007924958
    16788.0400000000         0.0008168306
    16982.4400000000         0.0007843951
    17179.0900000000         0.0007708111
    17378.0000000000         0.0007375166
    17579.2300000000         0.0007314655
    17782.7900000000         0.0006889554
    17988.7100000000         0.0006256798
    18197.0200000000         0.0006143978
    18407.7100000000         0.0005922741
    18620.8700000000         0.0005821597
    18836.4900000000         0.0005541249
    19054.6200000000         0.0005775682
    19275.2400000000         0.0005478623
    19498.4400000000         0.0005019963
    19724.2300000000         0.0004982087
    19952.6300000000         0.0004879956
    20183.6600000000         0.0004849369
    20417.3800000000         0.0004397725
    20653.8000000000         0.0004132173
    20892.9700000000         0.0004242581
    21134.8800000000         0.0003968952
    21379.6200000000         0.0003862726
    21627.1900000000         0.0003690757
    21877.6200000000         0.0003429446
    22130.9400000000         0.0003174593
    22387.2100000000         0.0003244860
    22646.4400000000         0.0003022687
    22908.6800000000         0.0002811136
    23173.9300000000         0.0002957876
    23442.2800000000         0.0002771946
    23713.7400000000         0.0002688798
    23988.3400000000         0.0002579015
    24266.1100000000         0.0002166417
    24547.0800000000         0.0002014425
    24831.3300000000         0.0001793205
    25118.8700000000         0.0001705355
    25409.7400000000         0.0001696334
    25703.9500000000         0.0001718166
    26001.5900000000         0.0001739457
    26302.6800000000         0.0001782471
    26607.2600000000         0.0001795941
    26915.3400000000         0.0001667669
    27227.0100000000         0.0001743388
    27542.2900000000         0.0001707600
    27861.2200000000         0.0001706226
    28183.8200000000         0.0001614822
    28510.1800000000         0.0001430265
    28840.3200000000         0.0001407296
    29174.2800000000         0.0001294661
    29512.0800000000         0.0001142969
    29853.8200000000         0.0001047909
    30199.5200000000         0.0001029118
    30549.2200000000         0.0000996264
    30902.9400000000         0.0000969700
    31260.7900000000         0.0000945444
    31622.7800000000         0.0000916307
    31988.9600000000         0.0000906221
    32359.3500000000         0.0000931634
    32734.0600000000         0.0000989399
    33113.1100000000         0.0000987308
    33496.5500000000         0.0000883330
    33884.4300000000         0.0000782362
    34276.7700000000         0.0000733560
    34673.6800000000         0.0000706668
    35075.2000000000         0.0000681919
    35481.3600000000         0.0000656425
    35892.1800000000         0.0000630850
    36307.8000000000         0.0000609670
    36728.2300000000         0.0000585587
    37153.5400000000         0.0000561896
    37583.7200000000         0.0000539468
    38018.9300000000         0.0000520301
    38459.1800000000         0.0000503217
    38904.5300000000         0.0000482814
    39354.9900000000         0.0000464775
    39810.7100000000         0.0000444537
    40271.7100000000         0.0000430439
    40738.0400000000         0.0000413379
    41209.7300000000         0.0000398889
    41686.9300000000         0.0000383001
    42169.6500000000         0.0000369415
    42657.9600000000         0.0000357047
    43151.8800000000         0.0000322154
    43651.5700000000         0.0000302779
    44157.0400000000         0.0000284159
    44668.3700000000         0.0000271758
    45185.6200000000         0.0000262901
    45708.8000000000         0.0000258252
    46238.1000000000         0.0000250374
    46773.5200000000         0.0000246059
    47315.1500000000         0.0000241210
    47862.9900000000         0.0000235226
    48417.2300000000         0.0000230770
    48977.8900000000         0.0000224391
    49545.0400000000         0.0000219219
    50118.7000000000         0.0000214759
    50699.0600000000         0.0000209808
    51286.1400000000         0.0000205422
    51880.0200000000         0.0000201351
    52480.7200000000         0.0000197170
    53088.4300000000         0.0000192478
    53703.1800000000         0.0000189176
    54325.0500000000         0.0000185710
    54954.0600000000         0.0000182956
    55590.4100000000         0.0000181442
    56234.1300000000         0.0000181690
    56885.3100000000         0.0000184262
    57543.9600000000         0.0000189901
    58210.3000000000         0.0000199461
    58884.3600000000         0.0000214106
    59566.2300000000         0.0000235799
    60255.9900000000         0.0000266939
    60953.6700000000         0.0000293079
    61659.5000000000         0.0000441781
    62373.5000000000         0.0000635483
    63095.7600000000         0.0000468797
    63826.3200000000         0.0000333010
    64565.4100000000         0.0000234474
    65313.0600000000         0.0000210358
    66069.3700000000         0.0000237724
    66834.3600000000         0.0000245081
    67608.2900000000         0.0000253327
    68391.1700000000         0.0000249704
    69183.1200000000         0.0000271489
    69984.1600000000         0.0000340995
    70794.5600000000         0.0000288528
    71614.3400000000         0.0000299020
    72443.6200000000         0.0000320022
    73282.4100000000         0.0000345579
    74131.0100000000         0.0000385986
    74989.4200000000         0.0000510301
    75857.7800000000         0.0000585287
    76736.1000000000         0.0000657111
    77624.6900000000         0.0000632036
    78523.5600000000         0.0000616749
    79432.8400000000         0.0000554925
    80352.6500000000         0.0000447523
    81283.0200000000         0.0000358586
    82224.2600000000         0.0000317123
    83176.3900000000         0.0000311240
    84139.5500000000         0.0000307259
    85113.7700000000         0.0000321710
    86099.3700000000         0.0000345413
    87096.3700000000         0.0000308485
    88104.9200000000         0.0000232125
    89125.0500000000         0.0000167063
    90157.1000000000         0.0000137070
    91201.0900000000         0.0000119736
    92257.1700000000         0.0000101633
    93325.3800000000         0.0000094131
    94406.0700000000         0.0000094127
    95499.2700000000         0.0000094261
    96605.1200000000         0.0000109067
    97723.6700000000         0.0000104425
    98855.2800000000         0.0000091478
   100000.0000000000         0.0000094743
   101157.9700000000         0.0000094629
   102329.2400000000         0.0000095676
   103514.1900000000         0.0000096026
   104712.8500000000         0.0000102163
   105925.4000000000         0.0000117587
   107151.9800000000         0.0000123774
   108392.6600000000         0.0000127254
   109647.8100000000         0.0000144668
   110917.5000000000         0.0000197220
   112201.9000000000         0.0000351030
   113501.0400000000         0.0000395538
   114815.3400000000         0.0000279555
   116144.8800000000         0.0000194882
   117489.8000000000         0.0000157770
   118850.1700000000         0.0000152836
   120226.4200000000         0.0000165353
   121618.6100000000         0.0000151253
   123026.9200000000         0.0000163044
   124451.4000000000         0.0000171031
   125892.5200000000         0.0000188448
   127350.3100000000         0.0000228446
   128824.9900000000         0.0000197190
   130316.6100000000         0.0000118335
   131825.6400000000         0.0000104755
   133352.1400000000         0.0000101388
   134896.3300000000         0.0000094539
   136458.2300000000         0.0000092209
   138038.3900000000         0.0000083350
   139636.8300000000         0.0000082258
   141253.7800000000         0.0000084949
   142889.4700000000         0.0000086894
   144543.9200000000         0.0000077569
   146217.7000000000         0.0000065707
   147910.8600000000         0.0000059463
   149623.6200000000         0.0000057421
   151356.0600000000         0.0000056601
   153108.7200000000         0.0000061103
   154881.6900000000         0.0000077354
   156675.1700000000         0.0000061422
   158489.2500000000         0.0000061405
   160324.5200000000         0.0000061970
   162181.0300000000         0.0000071521
   164059.0300000000         0.0000084543
   165958.6100000000         0.0000085565
   167880.3600000000         0.0000087386
   169824.3800000000         0.0000101696
   171790.8900000000         0.0000091601
   173779.9800000000         0.0000080833
   175792.3100000000         0.0000065957
   177827.9400000000         0.0000060181
   179887.1400000000         0.0000055054
   181969.9800000000         0.0000053781
   184077.1400000000         0.0000052746
   186208.7000000000         0.0000051733
   188364.9500000000         0.0000050740
   190545.9500000000         0.0000049656
   192752.4200000000         0.0000048265
   194984.4400000000         0.0000046908
   197242.3100000000         0.0000045585
   199526.3100000000         0.0000044295
