        1.0000000000         0.0000000000
      316.2300000000         0.0000000000
      316.9600000000         0.0000000000
      317.6900000000         0.0000000000
      318.4200000000         0.0000000000
      319.1500000000         0.0000000000
      319.8900000000         0.0000000000
      320.6300000000         0.0000000000
      321.3700000000         0.0000000000
      322.1100000000         0.0000000000
      322.8500000000         0.0000000000
      323.5900000000         0.0000000000
      324.3400000000         0.0000000000
      325.0900000000         0.0000000000
      325.8400000000         0.0000000000
      326.5900000000         0.0000000000
      327.3400000000         0.0000000000
      328.1000000000         0.0000000000
      328.8500000000         0.0000000000
      329.6100000000         0.0000000000
      330.3700000000         0.0000000000
      331.1300000000         0.0000000000
      331.8900000000         0.0000000000
      332.6600000000         0.0000000000
      333.4300000000         0.0000000000
      334.1900000000         0.0000000000
      334.9700000000         0.0000000000
      335.7400000000         0.0000000000
      336.5100000000         0.0000000000
      337.2900000000         0.0000000000
      338.0600000000         0.0000000000
      338.8400000000         0.0000000000
      339.6300000000         0.0000000000
      340.4100000000         0.0000000000
      341.1900000000         0.0000000000
      341.9800000000         0.0000000000
      342.7700000000         0.0000000000
      343.5600000000         0.0000000000
      344.3500000000         0.0000000000
      345.1400000000         0.0000000000
      345.9400000000         0.0000000000
      346.7400000000         0.0000000000
      347.5400000000         0.0000000000
      348.3400000000         0.0000000000
      349.1400000000         0.0000000000
      349.9500000000         0.0000000000
      350.7500000000         0.0000000000
      351.5600000000         0.0000000000
      352.3700000000         0.0000000000
      353.1800000000         0.0000000000
      354.0000000000         0.0000000000
      354.8100000000         0.0000000000
      355.6300000000         0.0000000000
      356.4500000000         0.0000000000
      357.2700000000         0.0000000000
      358.1000000000         0.0000000000
      358.9200000000         0.0000000000
      359.7500000000         0.0000000000
      360.5800000000         0.0000000000
      361.4100000000         0.0000000000
      362.2400000000         0.0000000000
      363.0800000000         0.0000000000
      363.9200000000         0.0000000000
      364.7500000000         0.0000000000
      365.5900000000         0.0000000000
      366.4400000000         0.0000000000
      367.2800000000         0.0000000000
      368.1300000000         0.0000000000
      368.9800000000         0.0000000000
      369.8300000000         0.0000000000
      370.6800000000         0.0000000000
      371.5400000000         0.0000000000
      372.3900000000         0.0000000000
      373.2500000000         0.0000000000
      374.1100000000         0.0000000000
      374.9700000000         0.0000000000
      375.8400000000         0.0000000000
      376.7000000000         0.0000000000
      377.5700000000         0.0000000000
      378.4400000000         0.0000000000
      379.3100000000         0.0000000000
      380.1900000000         0.0000000000
      381.0700000000         0.0000000000
      381.9400000000         0.0000000000
      382.8200000000         0.0000000000
      383.7100000000         0.0000000000
      384.5900000000         0.0000000000
      385.4800000000         0.0000000000
      386.3700000000         0.0000000000
      387.2600000000         0.0000000000
      388.1500000000         0.0000000000
      389.0500000000         0.0000000000
      389.9400000000         0.0000000000
      390.8400000000         0.0000000000
      391.7400000000         0.0000000000
      392.6500000000         0.0000000000
      393.5500000000         0.0000000000
      394.4600000000         0.0000000000
      395.3700000000         0.0000000000
      396.2800000000         0.0000000000
      397.1900000000         0.0000000000
      398.1100000000         0.0000000000
      399.0200000000         0.0000000000
      399.9400000000         0.0000000000
      400.8700000000         0.0000000000
      401.7900000000         0.0000000000
      402.7200000000         0.0000000000
      403.6500000000         0.0000000000
      404.5800000000         0.0000000000
      405.5100000000         0.0000000000
      406.4400000000         0.0000000000
      407.3800000000         0.0000000000
      408.3200000000         0.0000000000
      409.2600000000         0.0000000000
      410.2000000000         0.0000000000
      411.1500000000         0.0000000000
      412.1000000000         0.0000000000
      413.0500000000         0.0000000000
      414.0000000000         0.0000000000
      414.9500000000         0.0000000000
      415.9100000000         0.0000000000
      416.8700000000         0.0000000000
      417.8300000000         0.0000000000
      418.7900000000         0.0000000000
      419.7600000000         0.0000000000
      420.7300000000         0.0000000000
      421.7000000000         0.0000000000
      422.6700000000         0.0000000000
      423.6400000000         0.0000000000
      424.6200000000         0.0000000000
      425.6000000000         0.0000000000
      426.5800000000         0.0000000000
      427.5600000000         0.0000000000
      428.5500000000         0.0000000000
      429.5400000000         0.0000000000
      430.5300000000         0.0000000000
      431.5200000000         0.0000000000
      432.5100000000         0.0000000000
      433.5100000000         0.0000000000
      434.5100000000         0.0000000000
      435.5100000000         0.0000000000
      436.5200000000         0.0000000000
      437.5200000000         0.0000000000
      438.5300000000         0.0000000000
      439.5400000000         0.0000000000
      440.5500000000         0.0000000000
      441.5700000000         0.0000000000
      442.5900000000         0.0000000000
      443.6100000000         0.0000000000
      444.6300000000         0.0000000000
      445.6600000000         0.0000000000
      446.6800000000         0.0000000000
      447.7100000000         0.0000000000
      448.7500000000         0.0000000000
      449.7800000000         0.0000000000
      450.8200000000         0.0000000000
      451.8600000000         0.0000000000
      452.9000000000         0.0000000000
      453.9400000000         0.0000000000
      454.9900000000         0.0000000000
      456.0400000000         0.0000000000
      457.0900000000         0.0000000000
      458.1400000000         0.0000000000
      459.2000000000         0.0000000000
      460.2600000000         0.0000000000
      461.3200000000         0.0000000000
      462.3800000000         0.0000000000
      463.4500000000         0.0000000000
      464.5200000000         0.0000000000
      465.5900000000         0.0000000000
      466.6600000000         0.0000000000
      467.7400000000         0.0000000000
      468.8100000000         0.0000000000
      469.8900000000         0.0000000000
      470.9800000000         0.0000000000
      472.0600000000         0.0000000000
      473.1500000000         0.0000000000
      474.2400000000         0.0000000000
      475.3400000000         0.0000000000
      476.4300000000         0.0000000000
      477.5300000000         0.0000000000
      478.6300000000         0.0000000000
      479.7300000000         0.0000000000
      480.8400000000         0.0000000000
      481.9500000000         0.0000000000
      483.0600000000         0.0000000000
      484.1700000000         0.0000000000
      485.2900000000         0.0000000000
      486.4100000000         0.0000000000
      487.5300000000         0.0000000000
      488.6500000000         0.0000000000
      489.7800000000         0.0000000000
      490.9100000000         0.0000000000
      492.0400000000         0.0000000000
      493.1700000000         0.0000000000
      494.3100000000         0.0000000000
      495.4500000000         0.0000000000
      496.5900000000         0.0000000000
      497.7400000000         0.0000000000
      498.8800000000         0.0000000000
      500.0300000000         0.0000000000
      501.1900000000         0.0000000000
      502.3400000000         0.0000000000
      503.5000000000         0.0000000000
      504.6600000000         0.0000000000
      505.8200000000         0.0000000000
      506.9900000000         0.0000000000
      508.1600000000         0.0000000000
      509.3300000000         0.0000000000
      510.5000000000         0.0000000000
      511.6800000000         0.0000000000
      512.8600000000         0.0000000000
      514.0400000000         0.0000000000
      515.2300000000         0.0000000000
      516.4200000000         0.0000000000
      517.6100000000         0.0000000000
      518.8000000000         0.0000000000
      520.0000000000         0.0000000000
      521.1900000000         0.0000000000
      522.4000000000         0.0000000000
      523.6000000000         0.0000000000
      524.8100000000         0.0000000000
      526.0200000000         0.0000000000
      527.2300000000         0.0000000000
      528.4500000000         0.0000000000
      529.6600000000         0.0000000000
      530.8800000000         0.0000000000
      532.1100000000         0.0000000000
      533.3300000000         0.0000000000
      534.5600000000         0.0000000000
      535.8000000000         0.0000000000
      537.0300000000         0.0000000000
      538.2700000000         0.0000000000
      539.5100000000         0.0000000000
      540.7500000000         0.0000000000
      542.0000000000         0.0000000000
      543.2500000000         0.0000000000
      544.5000000000         0.0000000000
      545.7600000000         0.0000000000
      547.0200000000         0.0000000000
      548.2800000000         0.0000000000
      549.5400000000         0.0000000000
      550.8100000000         0.0000000000
      552.0800000000         0.0000000000
      553.3500000000         0.0000000000
      554.6300000000         0.0000000000
      555.9000000000         0.0000000000
      557.1900000000         0.0000000000
      558.4700000000         0.0000000000
      559.7600000000         0.0000000000
      561.0500000000         0.0000000000
      562.3400000000         0.0000000000
      563.6400000000         0.0000000000
      564.9400000000         0.0000000000
      566.2400000000         0.0000000000
      567.5400000000         0.0000000000
      568.8500000000         0.0000000000
      570.1600000000         0.0000000000
      571.4800000000         0.0000000000
      572.8000000000         0.0000000000
      574.1200000000         0.0000000000
      575.4400000000         0.0000000000
      576.7700000000         0.0000000000
      578.1000000000         0.0000000000
      579.4300000000         0.0000000000
      580.7600000000         0.0000000000
      582.1000000000         0.0000000000
      583.4500000000         0.0000000000
      584.7900000000         0.0000000000
      586.1400000000         0.0000000000
      587.4900000000         0.0000000000
      588.8400000000         0.0000000000
      590.2000000000         0.0000000000
      591.5600000000         0.0000000000
      592.9300000000         0.0000000000
      594.2900000000         0.0000000000
      595.6600000000         0.0000000000
      597.0400000000         0.0000000000
      598.4100000000         0.0000000000
      599.7900000000         0.0000000000
      601.1700000000         0.0000000000
      602.5600000000         0.0000000000
      603.9500000000         0.0000000000
      605.3400000000         0.0000000000
      606.7400000000         0.0000000000
      608.1300000000         0.0000000000
      609.5400000000         0.0000000000
      610.9400000000         0.0000000000
      612.3500000000         0.0000000000
      613.7600000000         0.0000000000
      615.1800000000         0.0000000000
      616.5900000000         0.0000000000
      618.0200000000         0.0000000000
      619.4400000000         0.0000000000
      620.8700000000         0.0000000000
      622.3000000000         0.0000000000
      623.7300000000         0.0000000000
      625.1700000000         0.0000000000
      626.6100000000         0.0000000000
      628.0600000000         0.0000000000
      629.5100000000         0.0000000000
      630.9600000000         0.0000000000
      632.4100000000         0.0000000000
      633.8700000000         0.0000000000
      635.3300000000         0.0000000000
      636.8000000000         0.0000000000
      638.2600000000         0.0000000000
      639.7300000000         0.0000000000
      641.2100000000         0.0000000000
      642.6900000000         0.0000000000
      644.1700000000         0.0000000000
      645.6500000000         0.0000000000
      647.1400000000         0.0000000000
      648.6300000000         0.0000000000
      650.1300000000         0.0000000000
      651.6300000000         0.0000000000
      653.1300000000         0.0000000000
      654.6400000000         0.0000000000
      656.1500000000         0.0000000000
      657.6600000000         0.0000000000
      659.1700000000         0.0000000000
      660.6900000000         0.0000000000
      662.2200000000         0.0000000000
      663.7400000000         0.0000000000
      665.2700000000         0.0000000000
      666.8100000000         0.0000000000
      668.3400000000         0.0000000000
      669.8800000000         0.0000000000
      671.4300000000         0.0000000000
      672.9800000000         0.0000000000
      674.5300000000         0.0000000000
      676.0800000000         0.0000000000
      677.6400000000         0.0000000000
      679.2000000000         0.0000000000
      680.7700000000         0.0000000000
      682.3400000000         0.0000000000
      683.9100000000         0.0000000000
      685.4900000000         0.0000000000
      687.0700000000         0.0000000000
      688.6500000000         0.0000000000
      690.2400000000         0.0000000000
      691.8300000000         0.0000000000
      693.4300000000         0.0000000000
      695.0200000000         0.0000000000
      696.6300000000         0.0000000000
      698.2300000000         0.0000000000
      699.8400000000         0.0000000000
      701.4600000000         0.0000000000
      703.0700000000         0.0000000000
      704.6900000000         0.0000000000
      706.3200000000         0.0000000000
      707.9500000000         0.0000000000
      709.5800000000         0.0000000000
      711.2100000000         0.0000000000
      712.8500000000         0.0000000000
      714.5000000000         0.0000000000
      716.1400000000         0.0000000000
      717.7900000000         0.0000000000
      719.4500000000         0.0000000000
      721.1100000000         0.0000000000
      722.7700000000         0.0000000000
      724.4400000000         0.0000000000
      726.1100000000         0.0000000000
      727.7800000000         0.0000000000
      729.4600000000         0.0000000000
      731.1400000000         0.0000000000
      732.8200000000         0.0000000000
      734.5100000000         0.0000000000
      736.2100000000         0.0000000000
      737.9000000000         0.0000000000
      739.6100000000         0.0000000000
      741.3100000000         0.0000000000
      743.0200000000         0.0000000000
      744.7300000000         0.0000000000
      746.4500000000         0.0000000000
      748.1700000000         0.0000000000
      749.8900000000         0.0000000000
      751.6200000000         0.0000000000
      753.3600000000         0.0000000000
      755.0900000000         0.0000000000
      756.8300000000         0.0000000000
      758.5800000000         0.0000000000
      760.3300000000         0.0000000000
      762.0800000000         0.0000000000
      763.8400000000         0.0000000000
      765.6000000000         0.0000000000
      767.3600000000         0.0000000000
      769.1300000000         0.0000000000
      770.9000000000         0.0000000000
      772.6800000000         0.0000000000
      774.4600000000         0.0000000000
      776.2500000000         0.0000000000
      778.0400000000         0.0000000000
      779.8300000000         0.0000000000
      781.6300000000         0.0000000000
      783.4300000000         0.0000000000
      785.2400000000         0.0000000000
      787.0500000000         0.0000000000
      788.8600000000         0.0000000000
      790.6800000000         0.0000000000
      792.5000000000         0.0000000000
      794.3300000000         0.0000000000
      796.1600000000         0.0000000000
      797.9900000000         0.0000000000
      799.8300000000         0.0000000000
      801.6800000000         0.0000000000
      803.5300000000         0.0000000000
      805.3800000000         0.0000000000
      807.2400000000         0.0000000000
      809.1000000000         0.0000000000
      810.9600000000         0.0000000000
      812.8300000000         0.0000000000
      814.7000000000         0.0000000000
      816.5800000000         0.0000000000
      818.4600000000         0.0000000000
      820.3500000000         0.0000000000
      822.2400000000         0.0000000000
      824.1400000000         0.0000000000
      826.0400000000         0.0000000000
      827.9400000000         0.0000000000
      829.8500000000         0.0000000000
      831.7600000000         0.0000000000
      833.6800000000         0.0000000000
      835.6000000000         0.0000000000
      837.5300000000         0.0000000000
      839.4600000000         0.0000000000
      841.4000000000         0.0000000000
      843.3300000000         0.0000000000
      845.2800000000         0.0000000000
      847.2300000000         0.0000000000
      849.1800000000         0.0000000000
      851.1400000000         0.0000000000
      853.1000000000         0.0000000000
      855.0700000000         0.0000000000
      857.0400000000         0.0000000000
      859.0100000000         0.0000000000
      860.9900000000         0.0000000000
      862.9800000000         0.0000000000
      864.9700000000         0.0000000000
      866.9600000000         0.0000000000
      868.9600000000         0.0000000000
      870.9600000000         0.0000000000
      872.9700000000         0.0000000000
      874.9800000000         0.0000000000
      877.0000000000         0.0000000000
      879.0200000000         0.0000000000
      881.0500000000         0.0000000000
      883.0800000000         0.0000000000
      885.1200000000         0.0000000000
      887.1600000000         0.0000000000
      889.2000000000         0.0000000000
      891.2500000000         0.0000000000
      893.3100000000         0.0000000000
      895.3600000000         0.0000000000
      897.4300000000         0.0000000000
      899.5000000000         0.0000000000
      901.5700000000         0.0095904889
      903.6500000000         0.0095446212
      905.7300000000         0.0095133781
      907.8200000000         0.0095087746
      909.9100000000         0.0095041031
      912.0100000000         0.0094993608
      914.1100000000         0.0094945524
      916.2200000000         0.0108001595
      918.3300000000         0.0130473524
      920.4500000000         0.0152784372
      922.5700000000         0.0174940042
      924.7000000000         0.0196946952
      926.8300000000         0.0218340605
      928.9700000000         0.0239510387
      931.1100000000         0.0260532051
      933.2500000000         0.0281410534
      935.4100000000         0.0302771255
      937.5600000000         0.0326700620
      939.7200000000         0.0350466780
      941.8900000000         0.0374060608
      944.0600000000         0.0397488177
      946.2400000000         0.0414441898
      948.4200000000         0.0426489487
      950.6000000000         0.0438449569
      952.8000000000         0.0450322852
      954.9900000000         0.0462112352
      957.1900000000         0.0474825986
      959.4000000000         0.0487450100
      961.6100000000         0.0499985591
      963.8300000000         0.0512426496
      966.0500000000         0.0491235964
      968.2800000000         0.0432875119
      970.5100000000         0.0374925844
      972.7500000000         0.0317372046
      974.9900000000         0.0260196310
      977.2400000000         0.0312813148
      979.4900000000         0.0365561880
      981.7500000000         0.0417942144
      984.0100000000         0.0469971038
      986.2800000000         0.0488672033
      988.5500000000         0.0481829457
      990.8300000000         0.0475027189
      993.1200000000         0.0468268357
      995.4100000000         0.0464812107
      997.7000000000         0.0476504415
     1000.0000000000         0.0488108248
     1002.3100000000         0.0499626994
     1004.6200000000         0.0511061512
     1006.9300000000         0.0507424548
     1009.2500000000         0.0500831753
     1011.5800000000         0.0494279079
     1013.9100000000         0.0487764664
     1016.2500000000         0.0460101254
     1018.5900000000         0.0414191559
     1020.9400000000         0.0368582308
     1023.2900000000         0.0323294513
     1025.6500000000         0.0299798101
     1028.0200000000         0.0332607217
     1030.3900000000         0.0365179181
     1032.7600000000         0.0397523493
     1035.1400000000         0.0429411493
     1037.5300000000         0.0457464457
     1039.9200000000         0.0485313609
     1042.3200000000         0.0512965731
     1044.7200000000         0.0540428720
     1047.1300000000         0.0541427284
     1049.5400000000         0.0538970605
     1051.9600000000         0.0536524579
     1054.3900000000         0.0534090288
     1056.8200000000         0.0523432456
     1059.2500000000         0.0510071255
     1061.7000000000         0.0496793911
     1064.1400000000         0.0483604819
     1066.6000000000         0.0483210161
     1069.0500000000         0.0489623845
     1071.5200000000         0.0495987050
     1073.9900000000         0.0502300821
     1076.4700000000         0.0495582111
     1078.9500000000         0.0479970798
     1081.4300000000         0.0464461707
     1083.9300000000         0.0449054465
     1086.4300000000         0.0450473465
     1088.9300000000         0.0464441665
     1091.4400000000         0.0478309281
     1093.9600000000         0.0492078848
     1096.4800000000         0.0494734608
     1099.0100000000         0.0489610955
     1101.5400000000         0.0484516323
     1104.0800000000         0.0479452536
     1106.6200000000         0.0476117320
     1109.1800000000         0.0473761111
     1111.7300000000         0.0471416749
     1114.2900000000         0.0469083413
     1116.8600000000         0.0461728573
     1119.4400000000         0.0452515520
     1122.0200000000         0.0443363450
     1124.6000000000         0.0434269719
     1127.2000000000         0.0440191738
     1129.8000000000         0.0448751450
     1132.4000000000         0.0457247347
     1135.0100000000         0.0465616547
     1137.6300000000         0.0458489209
     1140.2500000000         0.0451406129
     1142.8800000000         0.0444367267
     1145.5100000000         0.0438659787
     1148.1500000000         0.0438308828
     1150.8000000000         0.0437955782
     1153.4500000000         0.0437600389
     1156.1100000000         0.0437111817
     1158.7800000000         0.0436440073
     1161.4500000000         0.0435768142
     1164.1300000000         0.0435096473
     1166.8100000000         0.0419248044
     1169.5000000000         0.0396183170
     1172.2000000000         0.0373278931
     1174.9000000000         0.0350529328
     1177.6100000000         0.0364119001
     1180.3200000000         0.0379037037
     1183.0400000000         0.0393844843
     1185.7700000000         0.0400280431
     1188.5000000000         0.0385642797
     1191.2400000000         0.0371104889
     1193.9900000000         0.0356663577
     1196.7400000000         0.0343431681
     1199.5000000000         0.0330938995
     1202.2600000000         0.0318528302
     1205.0400000000         0.0305962991
     1207.8100000000         0.0275237821
     1210.6000000000         0.0244727265
     1213.3900000000         0.0214424897
     1216.1900000000         0.0210359320
     1218.9900000000         0.0241603237
     1221.8000000000         0.0272629596
     1224.6200000000         0.0303447470
     1227.4400000000         0.0321550518
     1230.2700000000         0.0337564908
     1233.1000000000         0.0353465229
     1235.9500000000         0.0365334973
     1238.8000000000         0.0369290002
     1241.6500000000         0.0373213887
     1244.5100000000         0.0377107896
     1247.3800000000         0.0376466550
     1250.2600000000         0.0374910645
     1253.1400000000         0.0373361036
     1256.0300000000         0.0370183736
     1258.9300000000         0.0364080667
     1261.8300000000         0.0358014517
     1264.7400000000         0.0351987667
     1267.6500000000         0.0358929597
     1270.5700000000         0.0367103145
     1273.5000000000         0.0375218205
     1276.4400000000         0.0379649661
     1279.3800000000         0.0380287208
     1282.3300000000         0.0380916521
     1285.2900000000         0.0380535536
     1288.2500000000         0.0370846055
     1291.2200000000         0.0361216925
     1294.2000000000         0.0351652652
     1297.1800000000         0.0347606018
     1300.1700000000         0.0345592462
     1303.1700000000         0.0343588665
     1306.1700000000         0.0345135257
     1309.1800000000         0.0352198146
     1312.2000000000         0.0359210186
     1315.2200000000         0.0365372449
     1318.2600000000         0.0361590199
     1321.3000000000         0.0357829183
     1324.3400000000         0.0354091153
     1327.3900000000         0.0349128582
     1330.4500000000         0.0343853272
     1333.5200000000         0.0338611603
     1336.6000000000         0.0338260382
     1339.6800000000         0.0342399850
     1342.7700000000         0.0346508101
     1345.8600000000         0.0348645113
     1348.9600000000         0.0345738791
     1352.0700000000         0.0342848189
     1355.1900000000         0.0339810066
     1358.3100000000         0.0334251933
     1361.4400000000         0.0328727290
     1364.5800000000         0.0323238336
     1367.7300000000         0.0322306082
     1370.8800000000         0.0322066173
     1374.0400000000         0.0321824476
     1377.2100000000         0.0321380422
     1380.3800000000         0.0320849232
     1383.5700000000         0.0320318192
     1386.7600000000         0.0313362405
     1389.9500000000         0.0301217549
     1393.1600000000         0.0289150048
     1396.3700000000         0.0281571951
     1399.5900000000         0.0279964581
     1402.8100000000         0.0278364941
     1406.0500000000         0.0279699825
     1409.2900000000         0.0287115332
     1412.5400000000         0.0294476673
     1415.7900000000         0.0299324375
     1419.0600000000         0.0296516977
     1422.3300000000         0.0293725878
     1425.6100000000         0.0291467160
     1428.8900000000         0.0291488320
     1432.1900000000         0.0291506276
     1435.4900000000         0.0291735455
     1438.8000000000         0.0293188579
     1442.1200000000         0.0294550546
     1445.4400000000         0.0293734614
     1448.7700000000         0.0291800573
     1452.1100000000         0.0288892854
     1455.4600000000         0.0285908487
     1458.8100000000         0.0282352157
     1462.1800000000         0.0278818142
     1465.5500000000         0.0275632795
     1468.9300000000         0.0274150427
     1472.3100000000         0.0272675678
     1475.7100000000         0.0271370392
     1479.1100000000         0.0270686988
     1482.5200000000         0.0270005204
     1485.9400000000         0.0269190408
     1489.3600000000         0.0268020816
     1492.7900000000         0.0266856197
     1496.2400000000         0.0265119318
     1499.6800000000         0.0262362473
     1503.1400000000         0.0259621292
     1506.6100000000         0.0255194455
     1510.0800000000         0.0248831585
     1513.5600000000         0.0246689990
     1517.0500000000         0.0249610711
     1520.5500000000         0.0247104410
     1524.0500000000         0.0244612806
     1527.5700000000         0.0238798708
     1531.0900000000         0.0231794566
     1534.6200000000         0.0224836059
     1538.1500000000         0.0222495906
     1541.7000000000         0.0220724586
     1545.2500000000         0.0218915045
     1548.8200000000         0.0216492247
     1552.3900000000         0.0214084350
     1555.9700000000         0.0212875120
     1559.5500000000         0.0214870498
     1563.1500000000         0.0216850359
     1566.7500000000         0.0218909103
     1570.3600000000         0.0221051965
     1573.9800000000         0.0223178230
     1577.6100000000         0.0224071592
     1581.2500000000         0.0224484075
     1584.8900000000         0.0224891398
     1588.5500000000         0.0225052778
     1592.2100000000         0.0225203447
     1595.8800000000         0.0224480052
     1599.5600000000         0.0221002456
     1603.2500000000         0.0217546392
     1606.9400000000         0.0215230733
     1610.6500000000         0.0213937704
     1614.3600000000         0.0212651696
     1618.0800000000         0.0210782662
     1621.8100000000         0.0208801217
     1625.5500000000         0.0207259972
     1629.3000000000         0.0208212193
     1633.0500000000         0.0209155809
     1636.8200000000         0.0209055766
     1640.5900000000         0.0207847152
     1644.3700000000         0.0206644665
     1648.1600000000         0.0204647314
     1651.9600000000         0.0202503279
     1655.7700000000         0.0201206580
     1659.5900000000         0.0203205887
     1663.4100000000         0.0205188766
     1667.2500000000         0.0202109534
     1671.0900000000         0.0195490588
     1674.9400000000         0.0200368986
     1678.8000000000         0.0204763282
     1682.6700000000         0.0204597469
     1686.5500000000         0.0203351211
     1690.4400000000         0.0200498756
     1694.3400000000         0.0197663829
     1698.2400000000         0.0195264164
     1702.1600000000         0.0192964822
     1706.0800000000         0.0190624464
     1710.0200000000         0.0188154019
     1713.9600000000         0.0185699239
     1717.9100000000         0.0184073914
     1721.8700000000         0.0182748977
     1725.8400000000         0.0182063710
     1729.8200000000         0.0183738284
     1733.8000000000         0.0185399354
     1737.8000000000         0.0184625443
     1741.8100000000         0.0182822999
     1745.8200000000         0.0181569327
     1749.8500000000         0.0182410013
     1753.8800000000         0.0183242783
     1757.9200000000         0.0180900954
     1761.9800000000         0.0177362189
     1766.0400000000         0.0174826067
     1770.1100000000         0.0175152849
     1774.1900000000         0.0175475515
     1778.2800000000         0.0175324045
     1782.3800000000         0.0175055806
     1786.4900000000         0.0175060965
     1790.6100000000         0.0175545290
     1794.7300000000         0.0176024307
     1798.8700000000         0.0175324902
     1803.0200000000         0.0174547601
     1807.1700000000         0.0172650311
     1811.3400000000         0.0169741903
     1815.5200000000         0.0167169068
     1819.7000000000         0.0166862421
     1823.9000000000         0.0166556146
     1828.1000000000         0.0165350698
     1832.3100000000         0.0163831636
     1836.5400000000         0.0161549598
     1840.7700000000         0.0157936662
     1845.0200000000         0.0154357292
     1849.2700000000         0.0153822228
     1853.5300000000         0.0153289223
     1857.8000000000         0.0153206447
     1862.0900000000         0.0153356837
     1866.3800000000         0.0153833022
     1870.6800000000         0.0154996300
     1874.9900000000         0.0156150218
     1879.3200000000         0.0152663663
     1883.6500000000         0.0149193630
     1887.9900000000         0.0146620981
     1892.3400000000         0.0144459847
     1896.7100000000         0.0143781016
     1901.0800000000         0.0145388683
     1905.4600000000         0.0146608148
     1909.8500000000         0.0144630307
     1914.2600000000         0.0142664071
     1918.6700000000         0.0140956594
     1923.0900000000         0.0139309121
     1927.5200000000         0.0139142582
     1931.9700000000         0.0140085611
     1936.4200000000         0.0140988529
     1940.8900000000         0.0141815878
     1945.3600000000         0.0142300064
     1949.8400000000         0.0138949146
     1954.3400000000         0.0135619864
     1958.8400000000         0.0136468094
     1963.3600000000         0.0138021614
     1967.8900000000         0.0139384344
     1972.4200000000         0.0140003925
     1976.9700000000         0.0139843673
     1981.5300000000         0.0136833154
     1986.0900000000         0.0134502379
     1990.6700000000         0.0132963872
     1995.2600000000         0.0131539200
     1999.8600000000         0.0131839765
     2004.4700000000         0.0132136932
     2009.0900000000         0.0131212939
     2013.7200000000         0.0130137252
     2018.3700000000         0.0130298911
     2023.0200000000         0.0130924070
     2027.6800000000         0.0129937967
     2032.3600000000         0.0127774402
     2037.0400000000         0.0126548158
     2041.7400000000         0.0126522779
     2046.4400000000         0.0125032188
     2051.1600000000         0.0120249270
     2055.8900000000         0.0116642434
     2060.6300000000         0.0117975110
     2065.3800000000         0.0119446767
     2070.1400000000         0.0122615583
     2074.9100000000         0.0124369562
     2079.7000000000         0.0121916234
     2084.4900000000         0.0122517496
     2089.3000000000         0.0120698716
     2094.1100000000         0.0118605793
     2098.9400000000         0.0118425274
     2103.7800000000         0.0118671972
     2108.6300000000         0.0118537564
     2113.4900000000         0.0118275713
     2118.3600000000         0.0118132196
     2123.2400000000         0.0118041188
     2128.1400000000         0.0116728777
     2133.0400000000         0.0114742117
     2137.9600000000         0.0113775479
     2142.8900000000         0.0113477502
     2147.8300000000         0.0113568781
     2152.7800000000         0.0113947075
     2157.7400000000         0.0113253091
     2162.7200000000         0.0111700250
     2167.7000000000         0.0110712852
     2172.7000000000         0.0110198613
     2177.7100000000         0.0109483730
     2182.7300000000         0.0108600967
     2187.7600000000         0.0108611556
     2192.8000000000         0.0109349694
     2197.8600000000         0.0108929817
     2202.9300000000         0.0107629551
     2208.0000000000         0.0106160259
     2213.0900000000         0.0104577933
     2218.2000000000         0.0103326319
     2223.3100000000         0.0102272863
     2228.4400000000         0.0102544222
     2233.5700000000         0.0103460038
     2238.7200000000         0.0102694202
     2243.8800000000         0.0101291491
     2249.0500000000         0.0099973055
     2254.2400000000         0.0098683937
     2259.4400000000         0.0098485965
     2264.6400000000         0.0098473821
     2269.8600000000         0.0098628188
     2275.1000000000         0.0098787695
     2280.3400000000         0.0098680388
     2285.6000000000         0.0098361410
     2290.8700000000         0.0096402485
     2296.1500000000         0.0094826110
     2301.4400000000         0.0094588874
     2306.7500000000         0.0094113350
     2312.0600000000         0.0093154535
     2317.3900000000         0.0090396348
     2322.7400000000         0.0085449880
     2328.0900000000         0.0085201096
     2333.4600000000         0.0088362126
     2338.8400000000         0.0088357748
     2344.2300000000         0.0087092798
     2349.6300000000         0.0087635387
     2355.0500000000         0.0088449158
     2360.4800000000         0.0086733913
     2365.9200000000         0.0085336128
     2371.3700000000         0.0085452208
     2376.8400000000         0.0084850248
     2382.3200000000         0.0082842968
     2387.8100000000         0.0082355076
     2393.3200000000         0.0083303452
     2398.8300000000         0.0082827061
     2404.3600000000         0.0081731258
     2409.9100000000         0.0081500299
     2415.4600000000         0.0081429556
     2421.0300000000         0.0081892209
     2426.6100000000         0.0081838686
     2432.2000000000         0.0080524255
     2437.8100000000         0.0080167241
     2443.4300000000         0.0080754403
     2449.0600000000         0.0080398479
     2454.7100000000         0.0079682674
     2460.3700000000         0.0079079419
     2466.0400000000         0.0078423573
     2471.7200000000         0.0077496017
     2477.4200000000         0.0077088666
     2483.1300000000         0.0077378084
     2488.8600000000         0.0075679165
     2494.5900000000         0.0073032109
     2500.3500000000         0.0075110500
     2506.1100000000         0.0076522259
     2511.8900000000         0.0073702591
     2517.6800000000         0.0074353456
     2523.4800000000         0.0073031504
     2529.3000000000         0.0072406041
     2535.1300000000         0.0072079520
     2540.9700000000         0.0071527339
     2546.8300000000         0.0071370737
     2552.7000000000         0.0072076484
     2558.5900000000         0.0071969554
     2564.4800000000         0.0071346234
     2570.3900000000         0.0071764230
     2576.3200000000         0.0072072991
     2582.2600000000         0.0071666618
     2588.2100000000         0.0071192239
     2594.1800000000         0.0070660636
     2600.1600000000         0.0069765779
     2606.1500000000         0.0068907896
     2612.1600000000         0.0068430603
     2618.1800000000         0.0068273358
     2624.2200000000         0.0068398840
     2630.2700000000         0.0068418500
     2636.3300000000         0.0068667387
     2642.4100000000         0.0069784466
     2648.5000000000         0.0070130429
     2654.6100000000         0.0069909710
     2660.7200000000         0.0068493788
     2666.8600000000         0.0067524314
     2673.0100000000         0.0067753694
     2679.1700000000         0.0067706462
     2685.3400000000         0.0067473371
     2691.5300000000         0.0066316612
     2697.7400000000         0.0065699266
     2703.9600000000         0.0065757600
     2710.1900000000         0.0064866012
     2716.4400000000         0.0063934950
     2722.7000000000         0.0063494467
     2728.9800000000         0.0063559003
     2735.2700000000         0.0063808924
     2741.5700000000         0.0061745322
     2747.8900000000         0.0060604713
     2754.2300000000         0.0060545676
     2760.5800000000         0.0060794135
     2766.9400000000         0.0061134398
     2773.3200000000         0.0061589186
     2779.7100000000         0.0061095050
     2786.1200000000         0.0059808819
     2792.5400000000         0.0056372299
     2798.9800000000         0.0055650463
     2805.4300000000         0.0056675589
     2811.9000000000         0.0058871382
     2818.3800000000         0.0059888060
     2824.8800000000         0.0059833210
     2831.3900000000         0.0058980370
     2837.9200000000         0.0058238227
     2844.4600000000         0.0057649012
     2851.0200000000         0.0057020001
     2857.5900000000         0.0056952671
     2864.1800000000         0.0057747350
     2870.7800000000         0.0057550184
     2877.4000000000         0.0057267006
     2884.0300000000         0.0057078307
     2890.6800000000         0.0056777662
     2897.3400000000         0.0056705163
     2904.0200000000         0.0057084858
     2910.7200000000         0.0057363529
     2917.4300000000         0.0056825513
     2924.1500000000         0.0056290589
     2930.8900000000         0.0055776467
     2937.6500000000         0.0055381875
     2944.4200000000         0.0054989411
     2951.2100000000         0.0054643718
     2958.0100000000         0.0054505784
     2964.8300000000         0.0054368223
     2971.6700000000         0.0054201009
     2978.5200000000         0.0053941603
     2985.3800000000         0.0053683417
     2992.2600000000         0.0053459988
     2999.1600000000         0.0053305742
     3006.0800000000         0.0053152046
     3013.0100000000         0.0052963872
     3019.9500000000         0.0052730837
     3026.9100000000         0.0052498910
     3033.8900000000         0.0052264412
     3040.8900000000         0.0052028070
     3047.8900000000         0.0051792855
     3054.9200000000         0.0051515624
     3061.9600000000         0.0051221377
     3069.0200000000         0.0050928532
     3076.1000000000         0.0050707683
     3083.1900000000         0.0050499085
     3090.3000000000         0.0050289710
     3097.4200000000         0.0050043697
     3104.5600000000         0.0049798847
     3111.7200000000         0.0049531502
     3118.8900000000         0.0049190908
     3126.0800000000         0.0048852153
     3133.2800000000         0.0048570288
     3140.5100000000         0.0048355418
     3147.7500000000         0.0048141563
     3155.0000000000         0.0047951480
     3162.2800000000         0.0047772406
     3169.5700000000         0.0047594104
     3176.8700000000         0.0047069825
     3184.2000000000         0.0046526724
     3191.5400000000         0.0046103308
     3198.8900000000         0.0046120179
     3206.2700000000         0.0046136458
     3213.6600000000         0.0045938287
     3221.0700000000         0.0045523578
     3228.4900000000         0.0045111245
     3235.9400000000         0.0045124581
     3243.4000000000         0.0045244554
     3250.8700000000         0.0045347866
     3258.3700000000         0.0045333873
     3265.8800000000         0.0045319507
     3273.4100000000         0.0045202784
     3280.9500000000         0.0044963192
     3288.5200000000         0.0044724825
     3296.1000000000         0.0044500250
     3303.6900000000         0.0044279792
     3311.3100000000         0.0044053984
     3318.9400000000         0.0043798820
     3326.5900000000         0.0043544942
     3334.2600000000         0.0043256925
     3341.9500000000         0.0042942334
     3349.6500000000         0.0042629456
     3357.3800000000         0.0042185434
     3365.1200000000         0.0041737892
     3372.8700000000         0.0041432912
     3380.6500000000         0.0041367011
     3388.4400000000         0.0041301139
     3396.2500000000         0.0041215513
     3404.0800000000         0.0041125119
     3411.9300000000         0.0041018818
     3419.7900000000         0.0040863631
     3427.6800000000         0.0040709078
     3435.5800000000         0.0040568695
     3443.5000000000         0.0040434524
     3451.4400000000         0.0040297150
     3459.3900000000         0.0040143561
     3467.3700000000         0.0039990637
     3475.3600000000         0.0039879424
     3483.3700000000         0.0039788680
     3491.4000000000         0.0039706947
     3499.4500000000         0.0039666938
     3507.5200000000         0.0039626793
     3515.6000000000         0.0039392989
     3523.7100000000         0.0039074933
     3531.8300000000         0.0038842752
     3539.9700000000         0.0038900138
     3548.1300000000         0.0038956704
     3556.3100000000         0.0038500247
     3564.5100000000         0.0037895273
     3572.7300000000         0.0037418173
     3580.9600000000         0.0037192772
     3589.2200000000         0.0036968524
     3597.4900000000         0.0037012915
     3605.7900000000         0.0037084443
     3614.1000000000         0.0037060094
     3622.4300000000         0.0036938002
     3630.7800000000         0.0036819889
     3639.1500000000         0.0036736031
     3647.5400000000         0.0037080508
     3655.9500000000         0.0036974596
     3664.3700000000         0.0036664419
     3672.8200000000         0.0036312183
     3681.2900000000         0.0035874767
     3689.7800000000         0.0035440091
     3698.2800000000         0.0036520485
     3706.8100000000         0.0037634270
     3715.3500000000         0.0037864200
     3723.9200000000         0.0037571064
     3732.5000000000         0.0038064308
     3741.1100000000         0.0040457575
     3749.7300000000         0.0042833923
     3758.3700000000         0.0043412149
     3767.0400000000         0.0043928535
     3775.7200000000         0.0045462721
     3784.4200000000         0.0047513843
     3793.1500000000         0.0049499748
     3801.8900000000         0.0051380727
     3810.6600000000         0.0052811611
     3819.4400000000         0.0048855776
     3828.2500000000         0.0044927634
     3837.0700000000         0.0047881803
     3845.9200000000         0.0052512093
     3854.7800000000         0.0055347574
     3863.6700000000         0.0056663523
     3872.5700000000         0.0055534826
     3881.5000000000         0.0048438269
     3890.4500000000         0.0042110872
     3899.4200000000         0.0049350904
     3908.4100000000         0.0056542186
     3917.4200000000         0.0056278198
     3926.4500000000         0.0054431199
     3935.5000000000         0.0054296558
     3944.5700000000         0.0055257650
     3953.6700000000         0.0052443710
     3962.7800000000         0.0044081649
     3971.9200000000         0.0039282260
     3981.0700000000         0.0047707949
     3990.2500000000         0.0055887043
     3999.4500000000         0.0057236585
     4008.6700000000         0.0058575915
     4017.9100000000         0.0058417968
     4027.1700000000         0.0058010104
     4036.4500000000         0.0057794009
     4045.7600000000         0.0057661668
     4055.0900000000         0.0057117236
     4064.4300000000         0.0056232940
     4073.8000000000         0.0054584132
     4083.1900000000         0.0051821088
     4092.6100000000         0.0048831175
     4102.0400000000         0.0045224656
     4111.5000000000         0.0043062782
     4120.9800000000         0.0048458753
     4130.4700000000         0.0053570447
     4140.0000000000         0.0053987098
     4149.5400000000         0.0054400400
     4159.1100000000         0.0054235226
     4168.6900000000         0.0054041655
     4178.3000000000         0.0053721461
     4187.9400000000         0.0053382791
     4197.5900000000         0.0053130346
     4207.2600000000         0.0052901958
     4216.9600000000         0.0052560125
     4226.6900000000         0.0052175340
     4236.4300000000         0.0051860181
     4246.2000000000         0.0051581315
     4255.9800000000         0.0051114266
     4265.7900000000         0.0050529581
     4275.6300000000         0.0049975356
     4285.4800000000         0.0049444400
     4295.3600000000         0.0048481873
     4305.2600000000         0.0047160289
     4315.1900000000         0.0045366441
     4325.1400000000         0.0043147444
     4335.1100000000         0.0040965597
     4345.1000000000         0.0038818920
     4355.1200000000         0.0040271794
     4365.1600000000         0.0045136348
     4375.2200000000         0.0047329077
     4385.3100000000         0.0047063753
     4395.4200000000         0.0047025806
     4405.5500000000         0.0047183102
     4415.7000000000         0.0047300761
     4425.8800000000         0.0047387430
     4436.0800000000         0.0047301007
     4446.3100000000         0.0047098547
     4456.5600000000         0.0046832040
     4466.8300000000         0.0046530422
     4477.1300000000         0.0046406672
     4487.4500000000         0.0046361377
     4497.8000000000         0.0046606460
     4508.1700000000         0.0046944041
     4518.5600000000         0.0046362928
     4528.9700000000         0.0045589595
     4539.4100000000         0.0045299376
     4549.8800000000         0.0045062606
     4560.3700000000         0.0045300205
     4570.8800000000         0.0045472253
     4581.4200000000         0.0044890521
     4591.9800000000         0.0044430373
     4602.5600000000         0.0044482942
     4613.1800000000         0.0044394066
     4623.8100000000         0.0043977001
     4634.4700000000         0.0043678824
     4645.1500000000         0.0043543307
     4655.8600000000         0.0043435255
     4666.5900000000         0.0043349816
     4677.3500000000         0.0043083453
     4688.1300000000         0.0042734654
     4698.9400000000         0.0042240834
     4709.7700000000         0.0041719354
     4720.6300000000         0.0041874368
     4731.5100000000         0.0042006937
     4742.4200000000         0.0041919947
     4753.3500000000         0.0041790782
     4764.3100000000         0.0041566431
     4775.2900000000         0.0041309628
     4786.3000000000         0.0041018073
     4797.3300000000         0.0040684664
     4808.3900000000         0.0040331390
     4819.4800000000         0.0039870399
     4830.5900000000         0.0039281654
     4841.7200000000         0.0036702217
     4852.8800000000         0.0034146658
     4864.0700000000         0.0031626630
     4875.2800000000         0.0032279275
     4886.5200000000         0.0036457973
     4897.7900000000         0.0037926110
     4909.0800000000         0.0038188966
     4920.3900000000         0.0037909290
     4931.7400000000         0.0037668785
     4943.1100000000         0.0037901083
     4954.5000000000         0.0037976063
     4965.9200000000         0.0037812903
     4977.3700000000         0.0037374883
     4988.8400000000         0.0036787526
     5000.3400000000         0.0036246087
     5011.8700000000         0.0035839593
     5023.4300000000         0.0036089334
     5035.0000000000         0.0036112508
     5046.6100000000         0.0035841065
     5058.2500000000         0.0035867509
     5069.9100000000         0.0036014924
     5081.5900000000         0.0035599135
     5093.3100000000         0.0035268853
     5105.0500000000         0.0035162685
     5116.8200000000         0.0034919884
     5128.6100000000         0.0034579157
     5140.4400000000         0.0034231103
     5152.2900000000         0.0033876875
     5164.1600000000         0.0033495217
     5176.0700000000         0.0033292712
     5188.0000000000         0.0033261131
     5199.9600000000         0.0033249361
     5211.9500000000         0.0033233159
     5223.9600000000         0.0033174760
     5236.0000000000         0.0033163764
     5248.0700000000         0.0033200032
     5260.1700000000         0.0032607757
     5272.3000000000         0.0032117595
     5284.4500000000         0.0032556248
     5296.6300000000         0.0032752564
     5308.8400000000         0.0032747646
     5321.0800000000         0.0032204904
     5333.3500000000         0.0031843549
     5345.6400000000         0.0032106345
     5357.9600000000         0.0032078519
     5370.3200000000         0.0031891067
     5382.7000000000         0.0031629931
     5395.1000000000         0.0031364609
     5407.5400000000         0.0031092714
     5420.0100000000         0.0030975339
     5432.5000000000         0.0030923204
     5445.0200000000         0.0030979554
     5457.5800000000         0.0030833976
     5470.1600000000         0.0030559185
     5482.7700000000         0.0030430628
     5495.4100000000         0.0030298301
     5508.0800000000         0.0030160856
     5520.7700000000         0.0030087193
     5533.5000000000         0.0030035740
     5546.2600000000         0.0030012708
     5559.0400000000         0.0029820055
     5571.8500000000         0.0029560484
     5584.7000000000         0.0029314519
     5597.5700000000         0.0029230213
     5610.4800000000         0.0029252421
     5623.4100000000         0.0029129663
     5636.3800000000         0.0029010491
     5649.3700000000         0.0028894939
     5662.3900000000         0.0028649599
     5675.4500000000         0.0028515265
     5688.5300000000         0.0028543489
     5701.6400000000         0.0028275133
     5714.7900000000         0.0028173756
     5727.9600000000         0.0028426237
     5741.1600000000         0.0028210103
     5754.4000000000         0.0027991948
     5767.6600000000         0.0027939361
     5780.9600000000         0.0027712076
     5794.2900000000         0.0027541774
     5807.6400000000         0.0027567935
     5821.0300000000         0.0027572012
     5834.4500000000         0.0027480868
     5847.9000000000         0.0027208338
     5861.3800000000         0.0027004757
     5874.8900000000         0.0026729954
     5888.4400000000         0.0026307709
     5902.0100000000         0.0026457850
     5915.6100000000         0.0026543126
     5929.2500000000         0.0026432201
     5942.9200000000         0.0026329847
     5956.6200000000         0.0026261320
     5970.3500000000         0.0026223771
     5984.1200000000         0.0026021579
     5997.9100000000         0.0025833787
     6011.7300000000         0.0025676235
     6025.6000000000         0.0025654100
     6039.4800000000         0.0025642153
     6053.4100000000         0.0025603327
     6067.3600000000         0.0025467568
     6081.3500000000         0.0025249526
     6095.3700000000         0.0025063395
     6109.4200000000         0.0024958507
     6123.5000000000         0.0024635671
     6137.6200000000         0.0024462680
     6151.7700000000         0.0024395573
     6165.9500000000         0.0024126768
     6180.1600000000         0.0024149120
     6194.4100000000         0.0024209348
     6208.6900000000         0.0024097855
     6223.0000000000         0.0023853360
     6237.3500000000         0.0023565993
     6251.7300000000         0.0023313658
     6266.1400000000         0.0023521187
     6280.5800000000         0.0023554999
     6295.0600000000         0.0023457701
     6309.5700000000         0.0023234691
     6324.1200000000         0.0023216514
     6338.6900000000         0.0023158053
     6353.3100000000         0.0023068851
     6367.9500000000         0.0022981355
     6382.6300000000         0.0022931234
     6397.3500000000         0.0022788681
     6412.0900000000         0.0022579860
     6426.8800000000         0.0022562025
     6441.6900000000         0.0022491319
     6456.5400000000         0.0022390191
     6471.4200000000         0.0022255937
     6486.3400000000         0.0022004331
     6501.3000000000         0.0021965804
     6516.2800000000         0.0021906723
     6531.3000000000         0.0021654421
     6546.3600000000         0.0020663543
     6561.4500000000         0.0019017925
     6576.5800000000         0.0018982836
     6591.7400000000         0.0021062198
     6606.9300000000         0.0021336104
     6622.1600000000         0.0021363774
     6637.4300000000         0.0021290937
     6652.7300000000         0.0021162184
     6668.0700000000         0.0020962805
     6683.4400000000         0.0020981405
     6698.8500000000         0.0020874124
     6714.2900000000         0.0020722575
     6729.7600000000         0.0020756582
     6745.2800000000         0.0020585596
     6760.8300000000         0.0020526927
     6776.4100000000         0.0020464906
     6792.0400000000         0.0020336173
     6807.6900000000         0.0020269337
     6823.3800000000         0.0020216745
     6839.1100000000         0.0020080025
     6854.8800000000         0.0019945931
     6870.6800000000         0.0019954313
     6886.5200000000         0.0019913504
     6902.4000000000         0.0019826631
     6918.3100000000         0.0019725554
     6934.2600000000         0.0019609288
     6950.2400000000         0.0019456808
     6966.2600000000         0.0019431814
     6982.3200000000         0.0019373776
     6998.4200000000         0.0019235554
     7014.5500000000         0.0019084122
     7030.7200000000         0.0019058100
     7046.9300000000         0.0018972219
     7063.1800000000         0.0018818224
     7079.4600000000         0.0018649837
     7095.7700000000         0.0018500161
     7112.1400000000         0.0018375805
     7128.5300000000         0.0018205757
     7144.9600000000         0.0018074503
     7161.4300000000         0.0018020228
     7177.9400000000         0.0017948488
     7194.4900000000         0.0017857035
     7211.0700000000         0.0017860179
     7227.7000000000         0.0017932537
     7244.3600000000         0.0017872986
     7261.0600000000         0.0017785555
     7277.8000000000         0.0017662355
     7294.5700000000         0.0017559190
     7311.3900000000         0.0017597688
     7328.2500000000         0.0017530974
     7345.1400000000         0.0017441739
     7362.0700000000         0.0017497956
     7379.0400000000         0.0017388790
     7396.0500000000         0.0017173477
     7413.1000000000         0.0017142093
     7430.1900000000         0.0017201892
     7447.3200000000         0.0017106035
     7464.4900000000         0.0017088702
     7481.6900000000         0.0017001772
     7498.9400000000         0.0016950220
     7516.2300000000         0.0016943783
     7533.5500000000         0.0016899357
     7550.9200000000         0.0016867704
     7568.3300000000         0.0016729606
     7585.7700000000         0.0016596136
     7603.2600000000         0.0016539717
     7620.7900000000         0.0016468161
     7638.3600000000         0.0016330711
     7655.9600000000         0.0016148558
     7673.6100000000         0.0016027273
     7691.3000000000         0.0016109772
     7709.0300000000         0.0015860640
     7726.8100000000         0.0015872432
     7744.6200000000         0.0015790267
     7762.4700000000         0.0015714025
     7780.3600000000         0.0015708609
     7798.3000000000         0.0015707714
     7816.2800000000         0.0015646415
     7834.2900000000         0.0015551682
     7852.3600000000         0.0015447644
     7870.4600000000         0.0015320935
     7888.6000000000         0.0015130331
     7906.7900000000         0.0014961649
     7925.0100000000         0.0014975182
     7943.2800000000         0.0014872116
     7961.5900000000         0.0014847879
     7979.9500000000         0.0014871795
     7998.3400000000         0.0014939706
     8016.7800000000         0.0015003616
     8035.2600000000         0.0014905018
     8053.7800000000         0.0014791838
     8072.3500000000         0.0014719666
     8090.9600000000         0.0014586280
     8109.6100000000         0.0014535681
     8128.3000000000         0.0014535266
     8147.0400000000         0.0014533175
     8165.8200000000         0.0014464969
     8184.6500000000         0.0014308752
     8203.5100000000         0.0014271124
     8222.4300000000         0.0014219668
     8241.3800000000         0.0014167239
     8260.3800000000         0.0014119991
     8279.4200000000         0.0014070338
     8298.5100000000         0.0013968779
     8317.6300000000         0.0013816203
     8336.8100000000         0.0013744800
     8356.0300000000         0.0013702818
     8375.2900000000         0.0013583103
     8394.6000000000         0.0013503422
     8413.9500000000         0.0013492339
     8433.3500000000         0.0013413255
     8452.7900000000         0.0013313992
     8472.2700000000         0.0013124041
     8491.8000000000         0.0013296262
     8511.3800000000         0.0012796995
     8531.0000000000         0.0013324403
     8550.6700000000         0.0012019430
     8570.3800000000         0.0013464412
     8590.1400000000         0.0012976365
     8609.9400000000         0.0012822825
     8629.7800000000         0.0013477146
     8649.6700000000         0.0013199123
     8669.6200000000         0.0011721239
     8689.6000000000         0.0013121468
     8709.6300000000         0.0013410206
     8729.7100000000         0.0013065704
     8749.8400000000         0.0011969580
     8770.0000000000         0.0012821775
     8790.2300000000         0.0013218244
     8810.4900000000         0.0012932650
     8830.8000000000         0.0012925947
     8851.1500000000         0.0012416122
     8871.5600000000         0.0011847103
     8892.0100000000         0.0012586281
     8912.5100000000         0.0012729245
     8933.0500000000         0.0012725682
     8953.6500000000         0.0012697814
     8974.2800000000         0.0012564266
     8994.9800000000         0.0012137732
     9015.7100000000         0.0011535856
     9036.4900000000         0.0011981776
     9057.3300000000         0.0012289512
     9078.2000000000         0.0012254434
     9099.1300000000         0.0012165073
     9120.1000000000         0.0012169736
     9141.1300000000         0.0012129996
     9162.2000000000         0.0012054237
     9183.3200000000         0.0011937805
     9204.5000000000         0.0011527351
     9225.7100000000         0.0010775805
     9246.9800000000         0.0011138179
     9268.3000000000         0.0011515812
     9289.6600000000         0.0011640339
     9311.0800000000         0.0011522134
     9332.5400000000         0.0011529186
     9354.0600000000         0.0011423315
     9375.6200000000         0.0011407617
     9397.2300000000         0.0011369266
     9418.9000000000         0.0011286453
     9440.6100000000         0.0011177954
     9462.3700000000         0.0011118799
     9484.1800000000         0.0011088551
     9506.0500000000         0.0010977512
     9527.9600000000         0.0010729259
     9549.9200000000         0.0009991750
     9571.9400000000         0.0010691000
     9594.0000000000         0.0010804130
     9616.1200000000         0.0010810551
     9638.2900000000         0.0010745852
     9660.5100000000         0.0010677846
     9682.7700000000         0.0010659788
     9705.1000000000         0.0010610464
     9727.4700000000         0.0010537566
     9749.8900000000         0.0010392726
     9772.3700000000         0.0010440942
     9794.9000000000         0.0010358745
     9817.4800000000         0.0010414093
     9840.1100000000         0.0010347668
     9862.7900000000         0.0010204270
     9885.5300000000         0.0010114872
     9908.3200000000         0.0010108716
     9931.1600000000         0.0010121141
     9954.0500000000         0.0010062539
     9977.0000000000         0.0010015657
    10000.0000000000         0.0009883925
    10000.0000000000         0.0009883925
    10115.8000000000         0.0009505387
    10232.9400000000         0.0009301915
    10351.4200000000         0.0009113571
    10471.2900000000         0.0008818193
    10592.5400000000         0.0008621294
    10715.2000000000         0.0008368974
    10839.2700000000         0.0008075645
    10964.7800000000         0.0007629215
    11091.7500000000         0.0007559532
    11220.1900000000         0.0007510128
    11350.1000000000         0.0007200707
    11481.5400000000         0.0007033389
    11614.4900000000         0.0006915223
    11748.9800000000         0.0006679920
    11885.0200000000         0.0006471616
    12022.6400000000         0.0006346186
    12161.8600000000         0.0006161341
    12302.6900000000         0.0006000135
    12445.1400000000         0.0005819444
    12589.2500000000         0.0005686672
    12735.0300000000         0.0005581888
    12882.5000000000         0.0005375588
    13031.6600000000         0.0005375088
    13182.5600000000         0.0005185264
    13335.2100000000         0.0005044604
    13489.6300000000         0.0005019081
    13645.8400000000         0.0004832375
    13803.8400000000         0.0004773086
    13963.6800000000         0.0004609317
    14125.3800000000         0.0004395375
    14288.9500000000         0.0004398515
    14454.3900000000         0.0004257428
    14621.7700000000         0.0004188241
    14791.0900000000         0.0004071744
    14962.3600000000         0.0004058547
    15135.6100000000         0.0003908678
    15310.8700000000         0.0003894005
    15488.1700000000         0.0003834399
    15667.5200000000         0.0003766649
    15848.9200000000         0.0003620891
    16032.4500000000         0.0003637056
    16218.1000000000         0.0003498360
    16405.9000000000         0.0003462839
    16595.8600000000         0.0003330694
    16788.0400000000         0.0003308480
    16982.4400000000         0.0003210385
    17179.0900000000         0.0003125758
    17378.0000000000         0.0002964707
    17579.2300000000         0.0002928214
    17782.7900000000         0.0002785957
    17988.7100000000         0.0002602011
    18197.0200000000         0.0002511523
    18407.7100000000         0.0002437194
    18620.8700000000         0.0002376623
    18836.4900000000         0.0002276520
    19054.6200000000         0.0002283812
    19275.2400000000         0.0002177662
    19498.4400000000         0.0002028049
    19724.2300000000         0.0001996005
    19952.6300000000         0.0001935235
    20183.6600000000         0.0001895351
    20417.3800000000         0.0001774500
    20653.8000000000         0.0001683766
    20892.9700000000         0.0001676532
    21134.8800000000         0.0001592497
    21379.6200000000         0.0001542163
    21627.1900000000         0.0001468330
    21877.6200000000         0.0001396069
    22130.9400000000         0.0001319699
    22387.2100000000         0.0001306613
    22646.4400000000         0.0001235001
    22908.6800000000         0.0001138631
    23173.9300000000         0.0001140343
    23442.2800000000         0.0001073993
    23713.7400000000         0.0001030289
    23988.3400000000         0.0000986872
    24266.1100000000         0.0000885108
    24547.0800000000         0.0000836448
    24831.3300000000         0.0000763583
    25118.8700000000         0.0000727709
    25409.7400000000         0.0000720890
    25703.9500000000         0.0000717851
    26001.5900000000         0.0000713210
    26302.6800000000         0.0000706459
    26607.2600000000         0.0000697282
    26915.3400000000         0.0000659004
    27227.0100000000         0.0000666221
    27542.2900000000         0.0000643976
    27861.2200000000         0.0000635731
    28183.8200000000         0.0000606917
    28510.1800000000         0.0000558332
    28840.3200000000         0.0000544022
    29174.2800000000         0.0000512460
    29512.0800000000         0.0000470643
    29853.8200000000         0.0000439774
    30199.5200000000         0.0000431194
    30549.2200000000         0.0000417195
    30902.9400000000         0.0000405297
    31260.7900000000         0.0000394491
    31622.7800000000         0.0000384332
    31988.9600000000         0.0000399108
    32359.3500000000         0.0000487863
    32734.0600000000         0.0000641459
    33113.1100000000         0.0000678249
    33496.5500000000         0.0000515196
    33884.4300000000         0.0000362903
    34276.7700000000         0.0000308249
    34673.6800000000         0.0000292329
    35075.2000000000         0.0000281992
    35481.3600000000         0.0000271455
    35892.1800000000         0.0000260989
    36307.8000000000         0.0000252287
    36728.2300000000         0.0000242405
    37153.5400000000         0.0000232660
    37583.7200000000         0.0000223540
    38018.9300000000         0.0000216029
    38459.1800000000         0.0000209169
    38904.5300000000         0.0000201117
    39354.9900000000         0.0000194014
    39810.7100000000         0.0000186121
    40271.7100000000         0.0000180485
    40738.0400000000         0.0000173943
    41209.7300000000         0.0000168344
    41686.9300000000         0.0000161973
    42169.6500000000         0.0000156727
    42657.9600000000         0.0000151862
    43151.8800000000         0.0000137688
    43651.5700000000         0.0000130042
    44157.0400000000         0.0000122870
    44668.3700000000         0.0000118189
    45185.6200000000         0.0000115134
    45708.8000000000         0.0000113742
    46238.1000000000         0.0000111091
    46773.5200000000         0.0000109764
    47315.1500000000         0.0000108463
    47862.9900000000         0.0000106536
    48417.2300000000         0.0000105340
    48977.8900000000         0.0000103378
    49545.0400000000         0.0000101771
    50118.7000000000         0.0000100509
    50699.0600000000         0.0000098893
    51286.1400000000         0.0000097504
    51880.0200000000         0.0000096425
    52480.7200000000         0.0000095182
    53088.4300000000         0.0000093731
    53703.1800000000         0.0000092838
    54325.0500000000         0.0000091560
    54954.0600000000         0.0000090842
    55590.4100000000         0.0000090126
    56234.1300000000         0.0000089378
    56885.3100000000         0.0000088817
    57543.9600000000         0.0000086862
    58210.3000000000         0.0000084189
    58884.3600000000         0.0000080875
    59566.2300000000         0.0000076987
    60255.9900000000         0.0000079841
    60953.6700000000         0.0000095775
    61659.5000000000         0.0000158563
    62373.5000000000         0.0000248427
    63095.7600000000         0.0000180425
    63826.3200000000         0.0000115240
    64565.4100000000         0.0000087168
    65313.0600000000         0.0000074415
    66069.3700000000         0.0000078437
    66834.3600000000         0.0000079599
    67608.2900000000         0.0000079226
    68391.1700000000         0.0000075810
    69183.1200000000         0.0000086152
    69984.1600000000         0.0000102091
    70794.5600000000         0.0000092220
    71614.3400000000         0.0000098982
    72443.6200000000         0.0000103257
    73282.4100000000         0.0000118055
    74131.0100000000         0.0000142903
    74989.4200000000         0.0000185334
    75857.7800000000         0.0000222851
    76736.1000000000         0.0000241411
    77624.6900000000         0.0000225652
    78523.5600000000         0.0000214462
    79432.8400000000         0.0000182761
    80352.6500000000         0.0000141935
    81283.0200000000         0.0000118560
    82224.2600000000         0.0000102434
    83176.3900000000         0.0000099269
    84139.5500000000         0.0000098573
    85113.7700000000         0.0000103590
    86099.3700000000         0.0000114261
    87096.3700000000         0.0000103513
    88104.9200000000         0.0000072868
    89125.0500000000         0.0000053011
    90157.1000000000         0.0000041734
    91201.0900000000         0.0000034084
    92257.1700000000         0.0000030848
    93325.3800000000         0.0000030518
    94406.0700000000         0.0000029934
    95499.2700000000         0.0000027322
    96605.1200000000         0.0000029296
    97723.6700000000         0.0000028193
    98855.2800000000         0.0000024335
   100000.0000000000         0.0000021990
   101157.9700000000         0.0000023161
   102329.2400000000         0.0000023450
   103514.1900000000         0.0000023613
   104712.8500000000         0.0000026736
   105925.4000000000         0.0000033472
   107151.9800000000         0.0000033267
   108392.6600000000         0.0000034589
   109647.8100000000         0.0000042926
   110917.5000000000         0.0000059076
   112201.9000000000         0.0000105970
   113501.0400000000         0.0000117539
   114815.3400000000         0.0000080781
   116144.8800000000         0.0000058669
   117489.8000000000         0.0000050642
   118850.1700000000         0.0000051015
   120226.4200000000         0.0000054972
   121618.6100000000         0.0000052293
   123026.9200000000         0.0000056580
   124451.4000000000         0.0000060479
   125892.5200000000         0.0000067755
   127350.3100000000         0.0000086119
   128824.9900000000         0.0000075640
   130316.6100000000         0.0000045904
   131825.6400000000         0.0000040928
   133352.1400000000         0.0000040291
   134896.3300000000         0.0000039462
   136458.2300000000         0.0000040371
   138038.3900000000         0.0000036320
   139636.8300000000         0.0000036372
   141253.7800000000         0.0000035435
   142889.4700000000         0.0000035109
   144543.9200000000         0.0000035155
   146217.7000000000         0.0000035205
   147910.8600000000         0.0000035257
   149623.6200000000         0.0000035311
   151356.0600000000         0.0000035365
   153108.7200000000         0.0000035419
   154881.6900000000         0.0000035475
   156675.1700000000         0.0000035533
   158489.2500000000         0.0000035596
   160324.5200000000         0.0000035652
   162181.0300000000         0.0000035675
   164059.0300000000         0.0000035700
   165958.6100000000         0.0000035727
   167880.3600000000         0.0000035756
   169824.3800000000         0.0000035785
   171790.8900000000         0.0000035818
   173779.9800000000         0.0000035851
   175792.3100000000         0.0000035886
   177827.9400000000         0.0000035923
   179887.1400000000         0.0000035963
   181969.9800000000         0.0000035984
   184077.1400000000         0.0000035993
   186208.7000000000         0.0000035993
   188364.9500000000         0.0000035984
   190545.9500000000         0.0000035979
   192752.4200000000         0.0000036006
   194984.4400000000         0.0000036023
   197242.3100000000         0.0000036029
   199526.3100000000         0.0000036027
