        1.0000000000         0.0000000000
      316.2300000000         0.0000000000
      316.9600000000         0.0000000000
      317.6900000000         0.0000000000
      318.4200000000         0.0000000000
      319.1500000000         0.0000000000
      319.8900000000         0.0000000000
      320.6300000000         0.0000000000
      321.3700000000         0.0000000000
      322.1100000000         0.0000000000
      322.8500000000         0.0000000000
      323.5900000000         0.0000000000
      324.3400000000         0.0000000000
      325.0900000000         0.0000000000
      325.8400000000         0.0000000000
      326.5900000000         0.0000000000
      327.3400000000         0.0000000000
      328.1000000000         0.0000000000
      328.8500000000         0.0000000000
      329.6100000000         0.0000000000
      330.3700000000         0.0000000000
      331.1300000000         0.0000000000
      331.8900000000         0.0000000000
      332.6600000000         0.0000000000
      333.4300000000         0.0000000000
      334.1900000000         0.0000000000
      334.9700000000         0.0000000000
      335.7400000000         0.0000000000
      336.5100000000         0.0000000000
      337.2900000000         0.0000000000
      338.0600000000         0.0000000000
      338.8400000000         0.0000000000
      339.6300000000         0.0000000000
      340.4100000000         0.0000000000
      341.1900000000         0.0000000000
      341.9800000000         0.0000000000
      342.7700000000         0.0000000000
      343.5600000000         0.0000000000
      344.3500000000         0.0000000000
      345.1400000000         0.0000000000
      345.9400000000         0.0000000000
      346.7400000000         0.0000000000
      347.5400000000         0.0000000000
      348.3400000000         0.0000000000
      349.1400000000         0.0000000000
      349.9500000000         0.0000000000
      350.7500000000         0.0000000000
      351.5600000000         0.0000000000
      352.3700000000         0.0000000000
      353.1800000000         0.0000000000
      354.0000000000         0.0000000000
      354.8100000000         0.0000000000
      355.6300000000         0.0000000000
      356.4500000000         0.0000000000
      357.2700000000         0.0000000000
      358.1000000000         0.0000000000
      358.9200000000         0.0000000000
      359.7500000000         0.0000000000
      360.5800000000         0.0000000000
      361.4100000000         0.0000000000
      362.2400000000         0.0000000000
      363.0800000000         0.0000000000
      363.9200000000         0.0000000000
      364.7500000000         0.0000000000
      365.5900000000         0.0000000000
      366.4400000000         0.0000000000
      367.2800000000         0.0000000000
      368.1300000000         0.0000000000
      368.9800000000         0.0000000000
      369.8300000000         0.0000000000
      370.6800000000         0.0000000000
      371.5400000000         0.0000000000
      372.3900000000         0.0000000000
      373.2500000000         0.0000000000
      374.1100000000         0.0000000000
      374.9700000000         0.0000000000
      375.8400000000         0.0000000000
      376.7000000000         0.0000000000
      377.5700000000         0.0000000000
      378.4400000000         0.0000000000
      379.3100000000         0.0000000000
      380.1900000000         0.0000000000
      381.0700000000         0.0000000000
      381.9400000000         0.0000000000
      382.8200000000         0.0000000000
      383.7100000000         0.0000000000
      384.5900000000         0.0000000000
      385.4800000000         0.0000000000
      386.3700000000         0.0000000000
      387.2600000000         0.0000000000
      388.1500000000         0.0000000000
      389.0500000000         0.0000000000
      389.9400000000         0.0000000000
      390.8400000000         0.0000000000
      391.7400000000         0.0000000000
      392.6500000000         0.0000000000
      393.5500000000         0.0000000000
      394.4600000000         0.0000000000
      395.3700000000         0.0000000000
      396.2800000000         0.0000000000
      397.1900000000         0.0000000000
      398.1100000000         0.0000000000
      399.0200000000         0.0000000000
      399.9400000000         0.0000000000
      400.8700000000         0.0000000000
      401.7900000000         0.0000000000
      402.7200000000         0.0000000000
      403.6500000000         0.0000000000
      404.5800000000         0.0000000000
      405.5100000000         0.0000000000
      406.4400000000         0.0000000000
      407.3800000000         0.0000000000
      408.3200000000         0.0000000000
      409.2600000000         0.0000000000
      410.2000000000         0.0000000000
      411.1500000000         0.0000000000
      412.1000000000         0.0000000000
      413.0500000000         0.0000000000
      414.0000000000         0.0000000000
      414.9500000000         0.0000000000
      415.9100000000         0.0000000000
      416.8700000000         0.0000000000
      417.8300000000         0.0000000000
      418.7900000000         0.0000000000
      419.7600000000         0.0000000000
      420.7300000000         0.0000000000
      421.7000000000         0.0000000000
      422.6700000000         0.0000000000
      423.6400000000         0.0000000000
      424.6200000000         0.0000000000
      425.6000000000         0.0000000000
      426.5800000000         0.0000000000
      427.5600000000         0.0000000000
      428.5500000000         0.0000000000
      429.5400000000         0.0000000000
      430.5300000000         0.0000000000
      431.5200000000         0.0000000000
      432.5100000000         0.0000000000
      433.5100000000         0.0000000000
      434.5100000000         0.0000000000
      435.5100000000         0.0000000000
      436.5200000000         0.0000000000
      437.5200000000         0.0000000000
      438.5300000000         0.0000000000
      439.5400000000         0.0000000000
      440.5500000000         0.0000000000
      441.5700000000         0.0000000000
      442.5900000000         0.0000000000
      443.6100000000         0.0000000000
      444.6300000000         0.0000000000
      445.6600000000         0.0000000000
      446.6800000000         0.0000000000
      447.7100000000         0.0000000000
      448.7500000000         0.0000000000
      449.7800000000         0.0000000000
      450.8200000000         0.0000000000
      451.8600000000         0.0000000000
      452.9000000000         0.0000000000
      453.9400000000         0.0000000000
      454.9900000000         0.0000000000
      456.0400000000         0.0000000000
      457.0900000000         0.0000000000
      458.1400000000         0.0000000000
      459.2000000000         0.0000000000
      460.2600000000         0.0000000000
      461.3200000000         0.0000000000
      462.3800000000         0.0000000000
      463.4500000000         0.0000000000
      464.5200000000         0.0000000000
      465.5900000000         0.0000000000
      466.6600000000         0.0000000000
      467.7400000000         0.0000000000
      468.8100000000         0.0000000000
      469.8900000000         0.0000000000
      470.9800000000         0.0000000000
      472.0600000000         0.0000000000
      473.1500000000         0.0000000000
      474.2400000000         0.0000000000
      475.3400000000         0.0000000000
      476.4300000000         0.0000000000
      477.5300000000         0.0000000000
      478.6300000000         0.0000000000
      479.7300000000         0.0000000000
      480.8400000000         0.0000000000
      481.9500000000         0.0000000000
      483.0600000000         0.0000000000
      484.1700000000         0.0000000000
      485.2900000000         0.0000000000
      486.4100000000         0.0000000000
      487.5300000000         0.0000000000
      488.6500000000         0.0000000000
      489.7800000000         0.0000000000
      490.9100000000         0.0000000000
      492.0400000000         0.0000000000
      493.1700000000         0.0000000000
      494.3100000000         0.0000000000
      495.4500000000         0.0000000000
      496.5900000000         0.0000000000
      497.7400000000         0.0000000000
      498.8800000000         0.0000000000
      500.0300000000         0.0000000000
      501.1900000000         0.0000000000
      502.3400000000         0.0000000000
      503.5000000000         0.0000000000
      504.6600000000         0.0000000000
      505.8200000000         0.0000000000
      506.9900000000         0.0000000000
      508.1600000000         0.0000000000
      509.3300000000         0.0000000000
      510.5000000000         0.0000000000
      511.6800000000         0.0000000000
      512.8600000000         0.0000000000
      514.0400000000         0.0000000000
      515.2300000000         0.0000000000
      516.4200000000         0.0000000000
      517.6100000000         0.0000000000
      518.8000000000         0.0000000000
      520.0000000000         0.0000000000
      521.1900000000         0.0000000000
      522.4000000000         0.0000000000
      523.6000000000         0.0000000000
      524.8100000000         0.0000000000
      526.0200000000         0.0000000000
      527.2300000000         0.0000000000
      528.4500000000         0.0000000000
      529.6600000000         0.0000000000
      530.8800000000         0.0000000000
      532.1100000000         0.0000000000
      533.3300000000         0.0000000000
      534.5600000000         0.0000000000
      535.8000000000         0.0000000000
      537.0300000000         0.0000000000
      538.2700000000         0.0000000000
      539.5100000000         0.0000000000
      540.7500000000         0.0000000000
      542.0000000000         0.0000000000
      543.2500000000         0.0000000000
      544.5000000000         0.0000000000
      545.7600000000         0.0000000000
      547.0200000000         0.0000000000
      548.2800000000         0.0000000000
      549.5400000000         0.0000000000
      550.8100000000         0.0000000000
      552.0800000000         0.0000000000
      553.3500000000         0.0000000000
      554.6300000000         0.0000000000
      555.9000000000         0.0000000000
      557.1900000000         0.0000000000
      558.4700000000         0.0000000000
      559.7600000000         0.0000000000
      561.0500000000         0.0000000000
      562.3400000000         0.0000000000
      563.6400000000         0.0000000000
      564.9400000000         0.0000000000
      566.2400000000         0.0000000000
      567.5400000000         0.0000000000
      568.8500000000         0.0000000000
      570.1600000000         0.0000000000
      571.4800000000         0.0000000000
      572.8000000000         0.0000000000
      574.1200000000         0.0000000000
      575.4400000000         0.0000000000
      576.7700000000         0.0000000000
      578.1000000000         0.0000000000
      579.4300000000         0.0000000000
      580.7600000000         0.0000000000
      582.1000000000         0.0000000000
      583.4500000000         0.0000000000
      584.7900000000         0.0000000000
      586.1400000000         0.0000000000
      587.4900000000         0.0000000000
      588.8400000000         0.0000000000
      590.2000000000         0.0000000000
      591.5600000000         0.0000000000
      592.9300000000         0.0000000000
      594.2900000000         0.0000000000
      595.6600000000         0.0000000000
      597.0400000000         0.0000000000
      598.4100000000         0.0000000000
      599.7900000000         0.0000000000
      601.1700000000         0.0000000000
      602.5600000000         0.0000000000
      603.9500000000         0.0000000000
      605.3400000000         0.0000000000
      606.7400000000         0.0000000000
      608.1300000000         0.0000000000
      609.5400000000         0.0000000000
      610.9400000000         0.0000000000
      612.3500000000         0.0000000000
      613.7600000000         0.0000000000
      615.1800000000         0.0000000000
      616.5900000000         0.0000000000
      618.0200000000         0.0000000000
      619.4400000000         0.0000000000
      620.8700000000         0.0000000000
      622.3000000000         0.0000000000
      623.7300000000         0.0000000000
      625.1700000000         0.0000000000
      626.6100000000         0.0000000000
      628.0600000000         0.0000000000
      629.5100000000         0.0000000000
      630.9600000000         0.0000000000
      632.4100000000         0.0000000000
      633.8700000000         0.0000000000
      635.3300000000         0.0000000000
      636.8000000000         0.0000000000
      638.2600000000         0.0000000000
      639.7300000000         0.0000000000
      641.2100000000         0.0000000000
      642.6900000000         0.0000000000
      644.1700000000         0.0000000000
      645.6500000000         0.0000000000
      647.1400000000         0.0000000000
      648.6300000000         0.0000000000
      650.1300000000         0.0000000000
      651.6300000000         0.0000000000
      653.1300000000         0.0000000000
      654.6400000000         0.0000000000
      656.1500000000         0.0000000000
      657.6600000000         0.0000000000
      659.1700000000         0.0000000000
      660.6900000000         0.0000000000
      662.2200000000         0.0000000000
      663.7400000000         0.0000000000
      665.2700000000         0.0000000000
      666.8100000000         0.0000000000
      668.3400000000         0.0000000000
      669.8800000000         0.0000000000
      671.4300000000         0.0000000000
      672.9800000000         0.0000000000
      674.5300000000         0.0000000000
      676.0800000000         0.0000000000
      677.6400000000         0.0000000000
      679.2000000000         0.0000000000
      680.7700000000         0.0000000000
      682.3400000000         0.0000000000
      683.9100000000         0.0000000000
      685.4900000000         0.0000000000
      687.0700000000         0.0000000000
      688.6500000000         0.0000000000
      690.2400000000         0.0000000000
      691.8300000000         0.0000000000
      693.4300000000         0.0000000000
      695.0200000000         0.0000000000
      696.6300000000         0.0000000000
      698.2300000000         0.0000000000
      699.8400000000         0.0000000000
      701.4600000000         0.0000000000
      703.0700000000         0.0000000000
      704.6900000000         0.0000000000
      706.3200000000         0.0000000000
      707.9500000000         0.0000000000
      709.5800000000         0.0000000000
      711.2100000000         0.0000000000
      712.8500000000         0.0000000000
      714.5000000000         0.0000000000
      716.1400000000         0.0000000000
      717.7900000000         0.0000000000
      719.4500000000         0.0000000000
      721.1100000000         0.0000000000
      722.7700000000         0.0000000000
      724.4400000000         0.0000000000
      726.1100000000         0.0000000000
      727.7800000000         0.0000000000
      729.4600000000         0.0000000000
      731.1400000000         0.0000000000
      732.8200000000         0.0000000000
      734.5100000000         0.0000000000
      736.2100000000         0.0000000000
      737.9000000000         0.0000000000
      739.6100000000         0.0000000000
      741.3100000000         0.0000000000
      743.0200000000         0.0000000000
      744.7300000000         0.0000000000
      746.4500000000         0.0000000000
      748.1700000000         0.0000000000
      749.8900000000         0.0000000000
      751.6200000000         0.0000000000
      753.3600000000         0.0000000000
      755.0900000000         0.0000000000
      756.8300000000         0.0000000000
      758.5800000000         0.0000000000
      760.3300000000         0.0000000000
      762.0800000000         0.0000000000
      763.8400000000         0.0000000000
      765.6000000000         0.0000000000
      767.3600000000         0.0000000000
      769.1300000000         0.0000000000
      770.9000000000         0.0000000000
      772.6800000000         0.0000000000
      774.4600000000         0.0000000000
      776.2500000000         0.0000000000
      778.0400000000         0.0000000000
      779.8300000000         0.0000000000
      781.6300000000         0.0000000000
      783.4300000000         0.0000000000
      785.2400000000         0.0000000000
      787.0500000000         0.0000000000
      788.8600000000         0.0000000000
      790.6800000000         0.0000000000
      792.5000000000         0.0000000000
      794.3300000000         0.0000000000
      796.1600000000         0.0000000000
      797.9900000000         0.0000000000
      799.8300000000         0.0000000000
      801.6800000000         0.0000000000
      803.5300000000         0.0000000000
      805.3800000000         0.0000000000
      807.2400000000         0.0000000000
      809.1000000000         0.0000000000
      810.9600000000         0.0000000000
      812.8300000000         0.0000000000
      814.7000000000         0.0000000000
      816.5800000000         0.0000000000
      818.4600000000         0.0000000000
      820.3500000000         0.0000000000
      822.2400000000         0.0000000000
      824.1400000000         0.0000000000
      826.0400000000         0.0000000000
      827.9400000000         0.0000000000
      829.8500000000         0.0000000000
      831.7600000000         0.0000000000
      833.6800000000         0.0000000000
      835.6000000000         0.0000000000
      837.5300000000         0.0000000000
      839.4600000000         0.0000000000
      841.4000000000         0.0000000000
      843.3300000000         0.0000000000
      845.2800000000         0.0000000000
      847.2300000000         0.0000000000
      849.1800000000         0.0000000000
      851.1400000000         0.0000000000
      853.1000000000         0.0000000000
      855.0700000000         0.0000000000
      857.0400000000         0.0000000000
      859.0100000000         0.0000000000
      860.9900000000         0.0000000000
      862.9800000000         0.0000000000
      864.9700000000         0.0000000000
      866.9600000000         0.0000000000
      868.9600000000         0.0000000000
      870.9600000000         0.0000000000
      872.9700000000         0.0000000000
      874.9800000000         0.0000000000
      877.0000000000         0.0000000000
      879.0200000000         0.0000000000
      881.0500000000         0.0000000000
      883.0800000000         0.0000000000
      885.1200000000         0.0000000000
      887.1600000000         0.0000000000
      889.2000000000         0.0000000000
      891.2500000000         0.0000000000
      893.3100000000         0.0000000000
      895.3600000000         0.0000000000
      897.4300000000         0.0000000000
      899.5000000000         0.0000000000
      901.5700000000         0.0146023929
      903.6500000000         0.0145325605
      905.7300000000         0.0144849941
      907.8200000000         0.0144779813
      909.9100000000         0.0144708669
      912.0100000000         0.0144636426
      914.1100000000         0.0144563178
      916.2200000000         0.0164445434
      918.3300000000         0.0198666509
      920.4500000000         0.0232642274
      922.5700000000         0.0266381726
      924.7000000000         0.0299894661
      926.8300000000         0.0332473032
      928.9700000000         0.0364710391
      931.1100000000         0.0396722294
      933.2500000000         0.0428516008
      935.4100000000         0.0461042337
      937.5600000000         0.0497472249
      939.7200000000         0.0533653796
      941.8900000000         0.0569572970
      944.0600000000         0.0605238974
      946.2400000000         0.0630998686
      948.4200000000         0.0649251640
      950.6000000000         0.0667371899
      952.8000000000         0.0685360655
      954.9900000000         0.0703222305
      957.1900000000         0.0722520500
      959.4000000000         0.0741682947
      961.6100000000         0.0760710761
      963.8300000000         0.0779595003
      966.0500000000         0.0747359395
      968.2800000000         0.0658624768
      970.5100000000         0.0570516065
      972.7500000000         0.0483008549
      974.9900000000         0.0396075845
      977.2400000000         0.0475535467
      979.4900000000         0.0555197001
      981.7500000000         0.0634301901
      984.0100000000         0.0712876245
      986.2800000000         0.0740803555
      988.5500000000         0.0729913786
      990.8300000000         0.0719088688
      993.1200000000         0.0708333030
      995.4100000000         0.0702654570
      997.7000000000         0.0720253587
     1000.0000000000         0.0737719461
     1002.3100000000         0.0755057335
     1004.6200000000         0.0772268325
     1006.9300000000         0.0767428726
     1009.2500000000         0.0758261532
     1011.5800000000         0.0749149323
     1013.9100000000         0.0740089789
     1016.2500000000         0.0698644221
     1018.5900000000         0.0629257262
     1020.9400000000         0.0560324341
     1023.2900000000         0.0491877198
     1025.6500000000         0.0456385761
     1028.0200000000         0.0506047495
     1030.3900000000         0.0555350222
     1032.7600000000         0.0604308285
     1035.1400000000         0.0652506649
     1037.5300000000         0.0693812147
     1039.9200000000         0.0734817460
     1042.3200000000         0.0775532424
     1044.7200000000         0.0815968588
     1047.1300000000         0.0816411972
     1049.5400000000         0.0811640099
     1051.9600000000         0.0806891322
     1054.3900000000         0.0802167952
     1056.8200000000         0.0785768479
     1059.2500000000         0.0765536353
     1061.7000000000         0.0745431185
     1064.1400000000         0.0725459829
     1066.6000000000         0.0724564195
     1069.0500000000         0.0733820200
     1071.5200000000         0.0743003264
     1073.9900000000         0.0752114654
     1076.4700000000         0.0741836131
     1078.9500000000         0.0718327686
     1081.4300000000         0.0694973245
     1083.9300000000         0.0671772286
     1086.4300000000         0.0673865974
     1088.9300000000         0.0694824979
     1091.4400000000         0.0715633035
     1093.9600000000         0.0736293942
     1096.4800000000         0.0739526004
     1099.0100000000         0.0730560198
     1101.5400000000         0.0721646473
     1104.0800000000         0.0712788105
     1106.6200000000         0.0707139075
     1109.1800000000         0.0703306869
     1111.7300000000         0.0699494630
     1114.2900000000         0.0695701241
     1116.8600000000         0.0684214532
     1119.4400000000         0.0669881776
     1122.0200000000         0.0655644462
     1124.6000000000         0.0641498044
     1127.2000000000         0.0650273860
     1129.8000000000         0.0663077831
     1132.4000000000         0.0675786510
     1135.0100000000         0.0688307062
     1137.6300000000         0.0677952468
     1140.2500000000         0.0667662174
     1142.8800000000         0.0657435954
     1145.5100000000         0.0649125800
     1148.1500000000         0.0648523346
     1150.8000000000         0.0647918284
     1153.4500000000         0.0647310317
     1156.1100000000         0.0646462291
     1158.7800000000         0.0645283759
     1161.4500000000         0.0644106343
     1164.1300000000         0.0642930418
     1166.8100000000         0.0619262718
     1169.5000000000         0.0584901087
     1172.2000000000         0.0550778769
     1174.9000000000         0.0516886860
     1177.6100000000         0.0538624004
     1180.3200000000         0.0562388934
     1183.0400000000         0.0585978664
     1185.7700000000         0.0597273298
     1188.5000000000         0.0577640645
     1191.2400000000         0.0558140986
     1193.9900000000         0.0538770407
     1196.7400000000         0.0519882366
     1199.5000000000         0.0501332767
     1202.2600000000         0.0482904837
     1205.0400000000         0.0464237854
     1207.8100000000         0.0417887010
     1210.6000000000         0.0371859893
     1213.3900000000         0.0326146856
     1216.1900000000         0.0320079066
     1218.9900000000         0.0367366113
     1221.8000000000         0.0414323919
     1224.6200000000         0.0460966118
     1227.4400000000         0.0486948900
     1230.2700000000         0.0509558171
     1233.1000000000         0.0532006025
     1235.9500000000         0.0548187718
     1238.8000000000         0.0552051216
     1241.6500000000         0.0555882305
     1244.5100000000         0.0559682138
     1247.3800000000         0.0557429120
     1250.2600000000         0.0553962775
     1253.1400000000         0.0550513454
     1256.0300000000         0.0545453764
     1258.9300000000         0.0537489578
     1261.8300000000         0.0529572777
     1264.7400000000         0.0521706715
     1267.6500000000         0.0529320091
     1270.5700000000         0.0538406745
     1273.5000000000         0.0547426939
     1276.4400000000         0.0551766530
     1279.3800000000         0.0551284403
     1282.3300000000         0.0550799780
     1285.2900000000         0.0548965782
     1288.2500000000         0.0534624532
     1291.2200000000         0.0520372726
     1294.2000000000         0.0506217144
     1297.1800000000         0.0501030572
     1300.1700000000         0.0499143191
     1303.1700000000         0.0497262999
     1306.1700000000         0.0499528684
     1309.1800000000         0.0508238114
     1312.2000000000         0.0516884066
     1315.2200000000         0.0524376296
     1318.2600000000         0.0518298447
     1321.3000000000         0.0512255281
     1324.3400000000         0.0506249890
     1327.3900000000         0.0499027371
     1330.4500000000         0.0491503850
     1333.5200000000         0.0484028384
     1336.6000000000         0.0482960083
     1339.6800000000         0.0487775356
     1342.7700000000         0.0492553413
     1345.8600000000         0.0494924858
     1348.9600000000         0.0491137989
     1352.0700000000         0.0487370938
     1355.1900000000         0.0483391620
     1358.3100000000         0.0475822315
     1361.4400000000         0.0468298420
     1364.5800000000         0.0460822806
     1367.7300000000         0.0458712578
     1370.8800000000         0.0457422696
     1374.0400000000         0.0456136540
     1377.2100000000         0.0455028787
     1380.3800000000         0.0453999043
     1383.5700000000         0.0452971347
     1386.7600000000         0.0442084596
     1389.9500000000         0.0423235297
     1393.1600000000         0.0404506549
     1396.3700000000         0.0392793864
     1399.5900000000         0.0390412360
     1402.8100000000         0.0388042666
     1406.0500000000         0.0390390716
     1409.2900000000         0.0402515195
     1412.5400000000         0.0414551832
     1415.7900000000         0.0422474071
     1419.0600000000         0.0417864397
     1422.3300000000         0.0413282178
     1425.6100000000         0.0409708545
     1428.8900000000         0.0410464741
     1432.1900000000         0.0411211401
     1435.4900000000         0.0411984846
     1438.8000000000         0.0412955880
     1442.1200000000         0.0413804054
     1445.4400000000         0.0411540940
     1448.7700000000         0.0408213362
     1452.1100000000         0.0403960496
     1455.4600000000         0.0399667472
     1458.8100000000         0.0394987948
     1462.1800000000         0.0390337519
     1465.5500000000         0.0386157185
     1468.9300000000         0.0384276509
     1472.3100000000         0.0382405147
     1475.7100000000         0.0380655937
     1479.1100000000         0.0379344784
     1482.5200000000         0.0378038362
     1485.9400000000         0.0376505256
     1489.3600000000         0.0374364778
     1492.7900000000         0.0372234546
     1496.2400000000         0.0369350351
     1499.6800000000         0.0365118980
     1503.1400000000         0.0360912010
     1506.6100000000         0.0354539007
     1510.0800000000         0.0345677324
     1513.5600000000         0.0342354663
     1517.0500000000         0.0345693752
     1520.5500000000         0.0343262181
     1524.0500000000         0.0340843685
     1527.5700000000         0.0332867987
     1531.0900000000         0.0322894044
     1534.6200000000         0.0312985107
     1538.1500000000         0.0308188032
     1541.7000000000         0.0304034073
     1545.2500000000         0.0299998503
     1548.8200000000         0.0297192466
     1552.3900000000         0.0294403285
     1555.9700000000         0.0293400846
     1559.5500000000         0.0297184046
     1563.1500000000         0.0300939027
     1566.7500000000         0.0304208528
     1570.3600000000         0.0306971464
     1573.9800000000         0.0309712756
     1577.6100000000         0.0310495701
     1581.2500000000         0.0310517773
     1584.8900000000         0.0310536344
     1588.5500000000         0.0310349371
     1592.2100000000         0.0310154334
     1595.8800000000         0.0308901742
     1599.5600000000         0.0304312371
     1603.2500000000         0.0299751330
     1606.9400000000         0.0296559799
     1610.6500000000         0.0294596534
     1614.3600000000         0.0292644184
     1618.0800000000         0.0290520955
     1621.8100000000         0.0288371090
     1625.5500000000         0.0286704060
     1629.3000000000         0.0287775304
     1633.0500000000         0.0288836341
     1636.8200000000         0.0288382564
     1640.5900000000         0.0286319517
     1644.3700000000         0.0284267645
     1648.1600000000         0.0282399021
     1651.9600000000         0.0280575007
     1655.7700000000         0.0279473569
     1659.5900000000         0.0281186253
     1663.4100000000         0.0282883812
     1667.2500000000         0.0279017594
     1671.0900000000         0.0271261670
     1674.9400000000         0.0277547389
     1678.8000000000         0.0282625780
     1682.6700000000         0.0281437356
     1686.5500000000         0.0279276520
     1690.4400000000         0.0275667440
     1694.3400000000         0.0272080358
     1698.2400000000         0.0268844645
     1702.1600000000         0.0265696533
     1706.0800000000         0.0262421146
     1710.0200000000         0.0258781929
     1713.9600000000         0.0255165920
     1717.9100000000         0.0252851304
     1721.8700000000         0.0251007266
     1725.8400000000         0.0250002109
     1729.8200000000         0.0252090078
     1733.8000000000         0.0254161004
     1737.8000000000         0.0253044330
     1741.8100000000         0.0250581559
     1745.8200000000         0.0248759817
     1749.8500000000         0.0249378327
     1753.8800000000         0.0249989871
     1757.9200000000         0.0247126464
     1761.9800000000         0.0242953748
     1766.0400000000         0.0239769164
     1770.1100000000         0.0239397883
     1774.1900000000         0.0239026621
     1778.2800000000         0.0238720290
     1782.3800000000         0.0238429662
     1786.4900000000         0.0238314923
     1790.6100000000         0.0238508694
     1794.7300000000         0.0238698553
     1798.8700000000         0.0237915032
     1803.0200000000         0.0237067491
     1807.1700000000         0.0234447177
     1811.3400000000         0.0230226461
     1815.5200000000         0.0226532742
     1819.7000000000         0.0226410124
     1823.9000000000         0.0226285905
     1828.1000000000         0.0224748552
     1832.3100000000         0.0222716983
     1836.5400000000         0.0219639968
     1840.7700000000         0.0214739591
     1845.0200000000         0.0209883526
     1849.2700000000         0.0208838191
     1853.5300000000         0.0207797810
     1857.8000000000         0.0207568239
     1862.0900000000         0.0207759216
     1866.3800000000         0.0208332911
     1870.6800000000         0.0209714342
     1874.9900000000         0.0211084373
     1879.3200000000         0.0205956157
     1883.6500000000         0.0200852863
     1887.9900000000         0.0197107140
     1892.3400000000         0.0193983540
     1896.7100000000         0.0193106737
     1901.0800000000         0.0195696205
     1905.4600000000         0.0197678655
     1909.8500000000         0.0194663033
     1914.2600000000         0.0191665385
     1918.6700000000         0.0189074017
     1923.0900000000         0.0186576713
     1927.5200000000         0.0186450556
     1931.9700000000         0.0188100822
     1936.4200000000         0.0189481396
     1940.8900000000         0.0190305933
     1945.3600000000         0.0190664642
     1949.8400000000         0.0185796563
     1954.3400000000         0.0180960149
     1958.8400000000         0.0182095394
     1963.3600000000         0.0184239391
     1967.8900000000         0.0186170377
     1972.4200000000         0.0187281426
     1976.9700000000         0.0187229756
     1981.5300000000         0.0182931144
     1986.0900000000         0.0179686323
     1990.6700000000         0.0177670382
     1995.2600000000         0.0175810363
     1999.8600000000         0.0176324081
     2004.4700000000         0.0176832490
     2009.0900000000         0.0175787415
     2013.7200000000         0.0174548496
     2018.3700000000         0.0174831990
     2023.0200000000         0.0175685361
     2027.6800000000         0.0174109284
     2032.3600000000         0.0170758143
     2037.0400000000         0.0168774184
     2041.7400000000         0.0168541521
     2046.4400000000         0.0166270826
     2051.1600000000         0.0159418657
     2055.8900000000         0.0154290600
     2060.6300000000         0.0156407058
     2065.3800000000         0.0158703998
     2070.1400000000         0.0163231771
     2074.9100000000         0.0165595319
     2079.7000000000         0.0161609799
     2084.4900000000         0.0162470564
     2089.3000000000         0.0160065703
     2094.1100000000         0.0157290623
     2098.9400000000         0.0157186352
     2103.7800000000         0.0157677978
     2108.6300000000         0.0157519914
     2113.4900000000         0.0157144591
     2118.3600000000         0.0156933833
     2123.2400000000         0.0156796165
     2128.1400000000         0.0155388629
     2133.0400000000         0.0153280105
     2137.9600000000         0.0151763512
     2142.8900000000         0.0150636658
     2147.8300000000         0.0150495907
     2152.7800000000         0.0151083404
     2157.7400000000         0.0150305433
     2162.7200000000         0.0148433642
     2167.7000000000         0.0147217773
     2172.7000000000         0.0146550862
     2177.7100000000         0.0145524405
     2182.7300000000         0.0144196954
     2187.7600000000         0.0143948421
     2192.8000000000         0.0144578870
     2197.8600000000         0.0143979555
     2202.9300000000         0.0142445527
     2208.0000000000         0.0140749468
     2213.0900000000         0.0138945458
     2218.2000000000         0.0137387523
     2223.3100000000         0.0135978414
     2228.4400000000         0.0135906851
     2233.5700000000         0.0136487065
     2238.7200000000         0.0135637112
     2243.8800000000         0.0134246051
     2249.0500000000         0.0132603357
     2254.2400000000         0.0130899614
     2259.4400000000         0.0130669130
     2264.6400000000         0.0130689424
     2269.8600000000         0.0130513152
     2275.1000000000         0.0130318888
     2280.3400000000         0.0129932202
     2285.6000000000         0.0129310805
     2290.8700000000         0.0126859462
     2296.1500000000         0.0124885244
     2301.4400000000         0.0124581316
     2306.7500000000         0.0123996930
     2312.0600000000         0.0122843683
     2317.3900000000         0.0119411545
     2322.7400000000         0.0113208024
     2328.0900000000         0.0112864599
     2333.4600000000         0.0116774747
     2338.8400000000         0.0116978567
     2344.2300000000         0.0115705496
     2349.6300000000         0.0115936138
     2355.0500000000         0.0116392020
     2360.4800000000         0.0114603955
     2365.9200000000         0.0113092950
     2371.3700000000         0.0112896711
     2376.8400000000         0.0112034287
     2382.3200000000         0.0109866196
     2387.8100000000         0.0109230420
     2393.3200000000         0.0110043194
     2398.8300000000         0.0109388083
     2404.3600000000         0.0108095221
     2409.9100000000         0.0107640065
     2415.4600000000         0.0107340841
     2421.0300000000         0.0107555157
     2426.6100000000         0.0107244272
     2432.2000000000         0.0105648376
     2437.8100000000         0.0105030723
     2443.4300000000         0.0105377678
     2449.0600000000         0.0104891965
     2454.7100000000         0.0104089016
     2460.3700000000         0.0103270467
     2466.0400000000         0.0102417637
     2471.7200000000         0.0101400949
     2477.4200000000         0.0100881886
     2483.1300000000         0.0101029184
     2488.8600000000         0.0098502887
     2494.5900000000         0.0094702495
     2500.3500000000         0.0097184991
     2506.1100000000         0.0098940907
     2511.8900000000         0.0095732724
     2517.6800000000         0.0096939811
     2523.4800000000         0.0095574958
     2529.3000000000         0.0094749592
     2535.1300000000         0.0094184838
     2540.9700000000         0.0093352702
     2546.8300000000         0.0092919134
     2552.7000000000         0.0093352403
     2558.5900000000         0.0093083195
     2564.4800000000         0.0092368014
     2570.3900000000         0.0092564151
     2576.3200000000         0.0092666615
     2582.2600000000         0.0092148399
     2588.2100000000         0.0091550630
     2594.1800000000         0.0090885926
     2600.1600000000         0.0089898361
     2606.1500000000         0.0088942861
     2612.1600000000         0.0088319639
     2618.1800000000         0.0087942518
     2624.2200000000         0.0087782955
     2630.2700000000         0.0087496815
     2636.3300000000         0.0087420000
     2642.4100000000         0.0088148164
     2648.5000000000         0.0088159963
     2654.6100000000         0.0087645706
     2660.7200000000         0.0086300345
     2666.8600000000         0.0085326852
     2673.0100000000         0.0085325167
     2679.1700000000         0.0085070897
     2685.3400000000         0.0084653283
     2691.5300000000         0.0083490619
     2697.7400000000         0.0082767690
     2703.9600000000         0.0082595432
     2710.1900000000         0.0081742126
     2716.4400000000         0.0080849892
     2722.7000000000         0.0080272434
     2728.9800000000         0.0080066407
     2735.2700000000         0.0079997070
     2741.5700000000         0.0078223599
     2747.8900000000         0.0077136741
     2754.2300000000         0.0076854210
     2760.5800000000         0.0076787770
     2766.9400000000         0.0076860827
     2773.3200000000         0.0077182935
     2779.7100000000         0.0076740766
     2786.1200000000         0.0075643486
     2792.5400000000         0.0072733569
     2798.9800000000         0.0072082235
     2805.4300000000         0.0072850194
     2811.9000000000         0.0074118529
     2818.3800000000         0.0074454010
     2824.8800000000         0.0073942184
     2831.3900000000         0.0072885132
     2837.9200000000         0.0072106156
     2844.4600000000         0.0071679456
     2851.0200000000         0.0071228482
     2857.5900000000         0.0071038404
     2864.1800000000         0.0071249260
     2870.7800000000         0.0070746336
     2877.4000000000         0.0070266114
     2884.0300000000         0.0070000673
     2890.6800000000         0.0069554145
     2897.3400000000         0.0069237375
     2904.0200000000         0.0069213463
     2910.7200000000         0.0069130948
     2917.4300000000         0.0068565630
     2924.1500000000         0.0068003479
     2930.8900000000         0.0067449608
     2937.6500000000         0.0066933362
     2944.4200000000         0.0066419947
     2951.2100000000         0.0065953038
     2958.0100000000         0.0065690218
     2964.8300000000         0.0065428521
     2971.6700000000         0.0065134312
     2978.5200000000         0.0064737638
     2985.3800000000         0.0064343028
     2992.2600000000         0.0063974974
     2999.1600000000         0.0063658566
     3006.0800000000         0.0063343756
     3013.0100000000         0.0063015507
     3019.9500000000         0.0062669362
     3026.9100000000         0.0062325029
     3033.8900000000         0.0061959676
     3040.8900000000         0.0061578117
     3047.8900000000         0.0061198617
     3054.9200000000         0.0060816947
     3061.9600000000         0.0060435496
     3069.0200000000         0.0060055936
     3076.1000000000         0.0059706001
     3083.1900000000         0.0059362254
     3090.3000000000         0.0059019029
     3097.4200000000         0.0058651529
     3104.5600000000         0.0058285939
     3111.7200000000         0.0057912166
     3118.8900000000         0.0057508820
     3126.0800000000         0.0057107648
     3133.2800000000         0.0056754341
     3140.5100000000         0.0056457259
     3147.7500000000         0.0056161690
     3155.0000000000         0.0055836416
     3162.2800000000         0.0055498728
     3169.5700000000         0.0055162860
     3176.8700000000         0.0054611024
     3184.2000000000         0.0054048602
     3191.5400000000         0.0053572054
     3198.8900000000         0.0053408626
     3206.2700000000         0.0053245728
     3213.6600000000         0.0052979630
     3221.0700000000         0.0052609281
     3228.4900000000         0.0052240929
     3235.9400000000         0.0052021132
     3243.4000000000         0.0051839491
     3250.8700000000         0.0051652458
     3258.3700000000         0.0051420154
     3265.8800000000         0.0051188958
     3273.4100000000         0.0050927834
     3280.9500000000         0.0050630495
     3288.5200000000         0.0050334721
     3296.1000000000         0.0050053098
     3303.6900000000         0.0049775941
     3311.3100000000         0.0049490035
     3318.9400000000         0.0049157296
     3326.5900000000         0.0048826323
     3334.2600000000         0.0048476751
     3341.9500000000         0.0048112995
     3349.6500000000         0.0047751232
     3357.3800000000         0.0047403648
     3365.1200000000         0.0047058607
     3372.8700000000         0.0046753548
     3380.6500000000         0.0046514682
     3388.4400000000         0.0046277032
     3396.2500000000         0.0046056067
     3404.0800000000         0.0045839990
     3411.9300000000         0.0045598517
     3419.7900000000         0.0045277565
     3427.6800000000         0.0044958340
     3435.5800000000         0.0044688461
     3443.5000000000         0.0044439831
     3451.4400000000         0.0044199326
     3459.3900000000         0.0043991045
     3467.3700000000         0.0043783784
     3475.3600000000         0.0043569407
     3483.3700000000         0.0043352102
     3491.4000000000         0.0043145539
     3499.4500000000         0.0042985980
     3507.5200000000         0.0042827064
     3515.6000000000         0.0042568329
     3523.7100000000         0.0042266618
     3531.8300000000         0.0042000315
     3539.9700000000         0.0041851187
     3548.1300000000         0.0041702683
     3556.3100000000         0.0041346182
     3564.5100000000         0.0040930067
     3572.7300000000         0.0040558968
     3580.9600000000         0.0040275268
     3589.2200000000         0.0039993101
     3597.4900000000         0.0039859498
     3605.7900000000         0.0039741732
     3614.1000000000         0.0039586513
     3622.4300000000         0.0039393054
     3630.7800000000         0.0039203777
     3639.1500000000         0.0039046553
     3647.5400000000         0.0039086342
     3655.9500000000         0.0038879286
     3664.3700000000         0.0038562524
     3672.8200000000         0.0038242631
     3681.2900000000         0.0037914701
     3689.7800000000         0.0037588694
     3698.2800000000         0.0038520927
     3706.8100000000         0.0039480580
     3715.3500000000         0.0039741895
     3723.9200000000         0.0039589680
     3732.5000000000         0.0040120198
     3741.1100000000         0.0042301300
     3749.7300000000         0.0044466937
     3758.3700000000         0.0044778544
     3767.0400000000         0.0045028222
     3775.7200000000         0.0046237637
     3784.4200000000         0.0047935252
     3793.1500000000         0.0049582520
     3801.8900000000         0.0051149400
     3810.6600000000         0.0052332892
     3819.4400000000         0.0048926217
     3828.2500000000         0.0045543318
     3837.0700000000         0.0048034578
     3845.9200000000         0.0051956512
     3854.7800000000         0.0054211398
     3863.6700000000         0.0055055199
     3872.5700000000         0.0053898091
     3881.5000000000         0.0047854176
     3890.4500000000         0.0042447732
     3899.4200000000         0.0048266458
     3908.4100000000         0.0054045920
     3917.4200000000         0.0053897090
     3926.4500000000         0.0052489070
     3935.5000000000         0.0052283094
     3944.5700000000         0.0052846572
     3953.6700000000         0.0050441939
     3962.7800000000         0.0043674535
     3971.9200000000         0.0039722892
     3981.0700000000         0.0046221153
     3990.2500000000         0.0052519129
     3999.4500000000         0.0053189602
     4008.6700000000         0.0053854738
     4017.9100000000         0.0053462558
     4027.1700000000         0.0052895327
     4036.4500000000         0.0052735847
     4045.7600000000         0.0052753757
     4055.0900000000         0.0052376250
     4064.4300000000         0.0051672421
     4073.8000000000         0.0050405394
     4083.1900000000         0.0048317402
     4092.6100000000         0.0045922999
     4102.0400000000         0.0042712106
     4111.5000000000         0.0040696147
     4120.9800000000         0.0044925115
     4130.4700000000         0.0048922719
     4140.0000000000         0.0049079675
     4149.5400000000         0.0049235066
     4159.1100000000         0.0049019791
     4168.6900000000         0.0048786905
     4178.3000000000         0.0048518018
     4187.9400000000         0.0048244568
     4197.5900000000         0.0047996766
     4207.2600000000         0.0047756727
     4216.9600000000         0.0047451663
     4226.6900000000         0.0047122352
     4236.4300000000         0.0046826210
     4246.2000000000         0.0046547684
     4255.9800000000         0.0046127276
     4265.7900000000         0.0045618294
     4275.6300000000         0.0045212484
     4285.4800000000         0.0044883597
     4295.3600000000         0.0044252253
     4305.2600000000         0.0043369234
     4315.1900000000         0.0041923756
     4325.1400000000         0.0039971224
     4335.1100000000         0.0038038297
     4345.1000000000         0.0036123975
     4355.1200000000         0.0037127482
     4365.1600000000         0.0040896554
     4375.2200000000         0.0042515495
     4385.3100000000         0.0042156465
     4395.4200000000         0.0041991333
     4405.5500000000         0.0041992795
     4415.7000000000         0.0041958643
     4425.8800000000         0.0041896901
     4436.0800000000         0.0041758302
     4446.3100000000         0.0041568307
     4456.5600000000         0.0041196006
     4466.8300000000         0.0040723090
     4477.1300000000         0.0040605334
     4487.4500000000         0.0040643993
     4497.8000000000         0.0040773978
     4508.1700000000         0.0040932619
     4518.5600000000         0.0040468141
     4528.9700000000         0.0039873603
     4539.4100000000         0.0039564995
     4549.8800000000         0.0039288718
     4560.3700000000         0.0039389129
     4570.8800000000         0.0039445153
     4581.4200000000         0.0038980683
     4591.9800000000         0.0038600478
     4602.5600000000         0.0038574375
     4613.1800000000         0.0038441960
     4623.8100000000         0.0038062390
     4634.4700000000         0.0037768984
     4645.1500000000         0.0037593273
     4655.8600000000         0.0037450292
     4666.5900000000         0.0037334287
     4677.3500000000         0.0037082441
     4688.1300000000         0.0036768839
     4698.9400000000         0.0036332600
     4709.7700000000         0.0035873069
     4720.6300000000         0.0035951086
     4731.5100000000         0.0036011080
     4742.4200000000         0.0035893884
     4753.3500000000         0.0035754803
     4764.3100000000         0.0035565877
     4775.2900000000         0.0035339014
     4786.3000000000         0.0035071587
     4797.3300000000         0.0034780307
     4808.3900000000         0.0034478025
     4819.4800000000         0.0034130749
     4830.5900000000         0.0033696089
     4841.7200000000         0.0031811860
     4852.8800000000         0.0029872053
     4864.0700000000         0.0027749650
     4875.2800000000         0.0028163206
     4886.5200000000         0.0031395080
     4897.7900000000         0.0032436587
     4909.0800000000         0.0032504634
     4920.3900000000         0.0032164480
     4931.7400000000         0.0031873879
     4943.1100000000         0.0032046258
     4954.5000000000         0.0032078337
     4965.9200000000         0.0031897877
     4977.3700000000         0.0031543050
     4988.8400000000         0.0031093706
     5000.3400000000         0.0030614489
     5011.8700000000         0.0030238607
     5023.4300000000         0.0030400900
     5035.0000000000         0.0030374399
     5046.6100000000         0.0030102292
     5058.2500000000         0.0030079877
     5069.9100000000         0.0030159049
     5081.5900000000         0.0029813377
     5093.3100000000         0.0029529312
     5105.0500000000         0.0029406736
     5116.8200000000         0.0029180762
     5128.6100000000         0.0028880753
     5140.4400000000         0.0028600986
     5152.2900000000         0.0028321326
     5164.1600000000         0.0028026372
     5176.0700000000         0.0027849865
     5188.0000000000         0.0027786379
     5199.9600000000         0.0027707419
     5211.9500000000         0.0027623875
     5223.9600000000         0.0027531984
     5236.0000000000         0.0027475236
     5248.0700000000         0.0027453515
     5260.1700000000         0.0027010511
     5272.3000000000         0.0026637488
     5284.4500000000         0.0026892954
     5296.6300000000         0.0026978713
     5308.8400000000         0.0026923623
     5321.0800000000         0.0026521683
     5333.3500000000         0.0026244519
     5345.6400000000         0.0026390189
     5357.9600000000         0.0026338187
     5370.3200000000         0.0026177019
     5382.7000000000         0.0025940987
     5395.1000000000         0.0025711856
     5407.5400000000         0.0025491959
     5420.0100000000         0.0025365825
     5432.5000000000         0.0025289673
     5445.0200000000         0.0025319997
     5457.5800000000         0.0025185219
     5470.1600000000         0.0024944637
     5482.7700000000         0.0024807560
     5495.4100000000         0.0024672796
     5508.0800000000         0.0024540944
     5520.7700000000         0.0024465998
     5533.5000000000         0.0024404386
     5546.2600000000         0.0024351021
     5559.0400000000         0.0024189309
     5571.8500000000         0.0023984127
     5584.7000000000         0.0023782887
     5597.5700000000         0.0023696146
     5610.4800000000         0.0023683931
     5623.4100000000         0.0023544354
     5636.3800000000         0.0023415433
     5649.3700000000         0.0023297372
     5662.3900000000         0.0023094378
     5675.4500000000         0.0022972107
     5688.5300000000         0.0022967325
     5701.6400000000         0.0022735919
     5714.7900000000         0.0022627157
     5727.9600000000         0.0022780141
     5741.1600000000         0.0022603995
     5754.4000000000         0.0022428869
     5767.6600000000         0.0022374825
     5780.9600000000         0.0022178532
     5794.2900000000         0.0022030277
     5807.6400000000         0.0022045381
     5821.0300000000         0.0022030179
     5834.4500000000         0.0021947059
     5847.9000000000         0.0021740694
     5861.3800000000         0.0021522876
     5874.8900000000         0.0021286355
     5888.4400000000         0.0021020181
     5902.0100000000         0.0021111919
     5915.6100000000         0.0021153863
     5929.2500000000         0.0021060088
     5942.9200000000         0.0020949563
     5956.6200000000         0.0020878543
     5970.3500000000         0.0020846757
     5984.1200000000         0.0020676157
     5997.9100000000         0.0020522294
     6011.7300000000         0.0020395694
     6025.6000000000         0.0020372004
     6039.4800000000         0.0020344169
     6053.4100000000         0.0020292972
     6067.3600000000         0.0020175879
     6081.3500000000         0.0019984948
     6095.3700000000         0.0019823825
     6109.4200000000         0.0019737473
     6123.5000000000         0.0019479968
     6137.6200000000         0.0019335346
     6151.7700000000         0.0019275836
     6165.9500000000         0.0019099930
     6180.1600000000         0.0019104999
     6194.4100000000         0.0019124798
     6208.6900000000         0.0019018275
     6223.0000000000         0.0018814415
     6237.3500000000         0.0018580005
     6251.7300000000         0.0018374273
     6266.1400000000         0.0018521657
     6280.5800000000         0.0018530240
     6295.0600000000         0.0018439076
     6309.5700000000         0.0018256708
     6324.1200000000         0.0018240799
     6338.6900000000         0.0018180406
     6353.3100000000         0.0018088775
     6367.9500000000         0.0018004115
     6382.6300000000         0.0017963666
     6397.3500000000         0.0017866712
     6412.0900000000         0.0017722893
     6426.8800000000         0.0017678172
     6441.6900000000         0.0017600387
     6456.5400000000         0.0017516379
     6471.4200000000         0.0017423433
     6486.3400000000         0.0017216055
     6501.3000000000         0.0017189417
     6516.2800000000         0.0017153042
     6531.3000000000         0.0016973766
     6546.3600000000         0.0016277146
     6561.4500000000         0.0015027571
     6576.5800000000         0.0014971298
     6591.7400000000         0.0016500887
     6606.9300000000         0.0016627128
     6622.1600000000         0.0016620186
     6637.4300000000         0.0016555963
     6652.7300000000         0.0016453516
     6668.0700000000         0.0016290246
     6683.4400000000         0.0016290840
     6698.8500000000         0.0016202213
     6714.2900000000         0.0016084210
     6729.7600000000         0.0016105449
     6745.2800000000         0.0015967236
     6760.8300000000         0.0015896178
     6776.4100000000         0.0015832084
     6792.0400000000         0.0015737914
     6807.6900000000         0.0015663445
     6823.3800000000         0.0015620819
     6839.1100000000         0.0015511734
     6854.8800000000         0.0015395673
     6870.6800000000         0.0015379650
     6886.5200000000         0.0015366523
     6902.4000000000         0.0015289830
     6918.3100000000         0.0015192550
     6934.2600000000         0.0015086967
     6950.2400000000         0.0014967195
     6966.2600000000         0.0014939585
     6982.3200000000         0.0014863999
     6998.4200000000         0.0014740529
     7014.5500000000         0.0014628464
     7030.7200000000         0.0014619958
     7046.9300000000         0.0014562600
     7063.1800000000         0.0014394330
     7079.4600000000         0.0014276209
     7095.7700000000         0.0014182208
     7112.1400000000         0.0014037725
     7128.5300000000         0.0013924940
     7144.9600000000         0.0013866880
     7161.4300000000         0.0013834134
     7177.9400000000         0.0013738715
     7194.4900000000         0.0013622368
     7211.0700000000         0.0013652595
     7227.7000000000         0.0013643189
     7244.3600000000         0.0013613832
     7261.0600000000         0.0013563276
     7277.8000000000         0.0013456974
     7294.5700000000         0.0013349354
     7311.3900000000         0.0013373641
     7328.2500000000         0.0013332817
     7345.1400000000         0.0013282264
     7362.0700000000         0.0013282796
     7379.0400000000         0.0013215742
     7396.0500000000         0.0013076679
     7413.1000000000         0.0012975831
     7430.1900000000         0.0013001483
     7447.3200000000         0.0012960540
     7464.4900000000         0.0012912005
     7481.6900000000         0.0012840658
     7498.9400000000         0.0012788895
     7516.2300000000         0.0012763991
     7533.5500000000         0.0012737552
     7550.9200000000         0.0012705986
     7568.3300000000         0.0012615386
     7585.7700000000         0.0012520229
     7603.2600000000         0.0012444730
     7620.7900000000         0.0012372921
     7638.3600000000         0.0012299616
     7655.9600000000         0.0012188830
     7673.6100000000         0.0012053406
     7691.3000000000         0.0012091335
     7709.0300000000         0.0011939370
     7726.8100000000         0.0011915934
     7744.6200000000         0.0011843111
     7762.4700000000         0.0011791707
     7780.3600000000         0.0011775516
     7798.3000000000         0.0011758493
     7816.2800000000         0.0011708006
     7834.2900000000         0.0011627765
     7852.3600000000         0.0011548895
     7870.4600000000         0.0011509472
     7888.6000000000         0.0011369581
     7906.7900000000         0.0011227665
     7925.0100000000         0.0011170810
     7943.2800000000         0.0011099485
     7961.5900000000         0.0011123023
     7979.9500000000         0.0011123741
     7998.3400000000         0.0011120939
     8016.7800000000         0.0011157559
     8035.2600000000         0.0011109103
     8053.7800000000         0.0011038840
     8072.3500000000         0.0010998825
     8090.9600000000         0.0010906755
     8109.6100000000         0.0010881192
     8128.3000000000         0.0010857730
     8147.0400000000         0.0010809747
     8165.8200000000         0.0010763411
     8184.6500000000         0.0010657599
     8203.5100000000         0.0010589985
     8222.4300000000         0.0010548860
     8241.3800000000         0.0010517316
     8260.3800000000         0.0010487157
     8279.4200000000         0.0010429281
     8298.5100000000         0.0010324406
     8317.6300000000         0.0010202189
     8336.8100000000         0.0010136733
     8356.0300000000         0.0010113425
     8375.2900000000         0.0010011222
     8394.6000000000         0.0009942023
     8413.9500000000         0.0009981083
     8433.3500000000         0.0009944300
     8452.7900000000         0.0009908327
     8472.2700000000         0.0009734440
     8491.8000000000         0.0009923014
     8511.3800000000         0.0009436132
     8531.0000000000         0.0009902279
     8550.6700000000         0.0008836032
     8570.3800000000         0.0010061219
     8590.1400000000         0.0009640104
     8609.9400000000         0.0009508279
     8629.7800000000         0.0010004358
     8649.6700000000         0.0009781739
     8669.6200000000         0.0008570947
     8689.6000000000         0.0009712637
     8709.6300000000         0.0009891040
     8729.7100000000         0.0009732622
     8749.8400000000         0.0008902624
     8770.0000000000         0.0009533872
     8790.2300000000         0.0009722584
     8810.4900000000         0.0009648015
     8830.8000000000         0.0009555332
     8851.1500000000         0.0009201996
     8871.5600000000         0.0008694430
     8892.0100000000         0.0009392468
     8912.5100000000         0.0009451904
     8933.0500000000         0.0009395956
     8953.6500000000         0.0009346969
     8974.2800000000         0.0009279658
     8994.9800000000         0.0008972103
     9015.7100000000         0.0008484621
     9036.4900000000         0.0008869749
     9057.3300000000         0.0009096860
     9078.2000000000         0.0009020003
     9099.1300000000         0.0008970656
     9120.1000000000         0.0008988969
     9141.1300000000         0.0008959933
     9162.2000000000         0.0008902107
     9183.3200000000         0.0008833217
     9204.5000000000         0.0008623496
     9225.7100000000         0.0008018109
     9246.9800000000         0.0008327877
     9268.3000000000         0.0008552311
     9289.6600000000         0.0008596326
     9311.0800000000         0.0008581428
     9332.5400000000         0.0008537552
     9354.0600000000         0.0008476949
     9375.6200000000         0.0008416277
     9397.2300000000         0.0008371342
     9418.9000000000         0.0008308963
     9440.6100000000         0.0008295489
     9462.3700000000         0.0008252095
     9484.1800000000         0.0008213500
     9506.0500000000         0.0008126512
     9527.9600000000         0.0007923416
     9549.9200000000         0.0007320234
     9571.9400000000         0.0007870396
     9594.0000000000         0.0007969303
     9616.1200000000         0.0007922215
     9638.2900000000         0.0007876264
     9660.5100000000         0.0007823865
     9682.7700000000         0.0007808886
     9705.1000000000         0.0007772067
     9727.4700000000         0.0007725703
     9749.8900000000         0.0007673589
     9772.3700000000         0.0007644385
     9794.9000000000         0.0007589193
     9817.4800000000         0.0007587906
     9840.1100000000         0.0007547597
     9862.7900000000         0.0007498063
     9885.5300000000         0.0007447835
     9908.3200000000         0.0007413155
     9931.1600000000         0.0007380383
     9954.0500000000         0.0007343869
     9977.0000000000         0.0007298485
    10000.0000000000         0.0007198790
    10000.0000000000         0.0007198790
    10115.8000000000         0.0006972068
    10232.9400000000         0.0006844113
    10351.4200000000         0.0006633968
    10471.2900000000         0.0006460233
    10592.5400000000         0.0006291263
    10715.2000000000         0.0006096616
    10839.2700000000         0.0005893186
    10964.7800000000         0.0005646565
    11091.7500000000         0.0005622802
    11220.1900000000         0.0005473756
    11350.1000000000         0.0005300085
    11481.5400000000         0.0005189193
    11614.4900000000         0.0005008029
    11748.9800000000         0.0004901564
    11885.0200000000         0.0004737239
    12022.6400000000         0.0004640674
    12161.8600000000         0.0004530886
    12302.6900000000         0.0004406292
    12445.1400000000         0.0004294067
    12589.2500000000         0.0004177153
    12735.0300000000         0.0004071554
    12882.5000000000         0.0003944226
    13031.6600000000         0.0003863946
    13182.5600000000         0.0003757649
    13335.2100000000         0.0003671534
    13489.6300000000         0.0003590810
    13645.8400000000         0.0003485271
    13803.8400000000         0.0003419025
    13963.6800000000         0.0003333814
    14125.3800000000         0.0003240827
    14288.9500000000         0.0003157402
    14454.3900000000         0.0003099951
    14621.7700000000         0.0003041700
    14791.0900000000         0.0002969326
    14962.3600000000         0.0002915938
    15135.6100000000         0.0002861523
    15310.8700000000         0.0002806382
    15488.1700000000         0.0002779605
    15667.5200000000         0.0002694383
    15848.9200000000         0.0002586212
    16032.4500000000         0.0002575208
    16218.1000000000         0.0002513737
    16405.9000000000         0.0002432139
    16595.8600000000         0.0002390434
    16788.0400000000         0.0002284619
    16982.4400000000         0.0002235003
    17179.0900000000         0.0002151691
    17378.0000000000         0.0002033409
    17579.2300000000         0.0001995993
    17782.7900000000         0.0001923397
    17988.7100000000         0.0001854944
    18197.0200000000         0.0001767199
    18407.7100000000         0.0001717184
    18620.8700000000         0.0001651993
    18836.4900000000         0.0001588787
    19054.6200000000         0.0001540460
    19275.2400000000         0.0001478021
    19498.4400000000         0.0001404150
    19724.2300000000         0.0001364632
    19952.6300000000         0.0001316247
    20183.6600000000         0.0001274004
    20417.3800000000         0.0001224974
    20653.8000000000         0.0001176814
    20892.9700000000         0.0001133757
    21134.8800000000         0.0001092782
    21379.6200000000         0.0001054459
    21627.1900000000         0.0000999806
    21877.6200000000         0.0000973362
    22130.9400000000         0.0000937242
    22387.2100000000         0.0000900598
    22646.4400000000         0.0000865159
    22908.6800000000         0.0000783050
    23173.9300000000         0.0000750430
    23442.2800000000         0.0000711003
    23713.7400000000         0.0000670093
    23988.3400000000         0.0000637506
    24266.1100000000         0.0000607410
    24547.0800000000         0.0000573319
    24831.3300000000         0.0000537481
    25118.8700000000         0.0000520134
    25409.7400000000         0.0000516106
    25703.9500000000         0.0000505409
    26001.5900000000         0.0000490467
    26302.6800000000         0.0000470983
    26607.2600000000         0.0000456980
    26915.3400000000         0.0000444552
    27227.0100000000         0.0000433559
    27542.2900000000         0.0000415805
    27861.2200000000         0.0000404345
    28183.8200000000         0.0000389458
    28510.1800000000         0.0000374844
    28840.3200000000         0.0000360286
    29174.2800000000         0.0000346533
    29512.0800000000         0.0000331967
    29853.8200000000         0.0000318764
    30199.5200000000         0.0000311817
    30549.2200000000         0.0000301694
    30902.9400000000         0.0000293090
    31260.7900000000         0.0000285275
    31622.7800000000         0.0000277929
    31988.9600000000         0.0000288614
    32359.3500000000         0.0000352797
    32734.0600000000         0.0000463870
    33113.1100000000         0.0000490475
    33496.5500000000         0.0000372563
    33884.4300000000         0.0000262433
    34276.7700000000         0.0000222909
    34673.6800000000         0.0000211397
    35075.2000000000         0.0000203922
    35481.3600000000         0.0000196302
    35892.1800000000         0.0000188733
    36307.8000000000         0.0000182441
    36728.2300000000         0.0000175295
    37153.5400000000         0.0000168248
    37583.7200000000         0.0000161653
    38018.9300000000         0.0000156221
    38459.1800000000         0.0000151260
    38904.5300000000         0.0000145437
    39354.9900000000         0.0000140301
    39810.7100000000         0.0000134593
    40271.7100000000         0.0000130517
    40738.0400000000         0.0000125787
    41209.7300000000         0.0000121738
    41686.9300000000         0.0000117130
    42169.6500000000         0.0000113337
    42657.9600000000         0.0000109819
    43151.8800000000         0.0000099569
    43651.5700000000         0.0000094040
    44157.0400000000         0.0000088853
    44668.3700000000         0.0000085468
    45185.6200000000         0.0000083259
    45708.8000000000         0.0000082253
    46238.1000000000         0.0000080335
    46773.5200000000         0.0000079375
    47315.1500000000         0.0000078435
    47862.9900000000         0.0000077041
    48417.2300000000         0.0000076176
    48977.8900000000         0.0000074757
    49545.0400000000         0.0000073595
    50118.7000000000         0.0000072683
    50699.0600000000         0.0000071515
    51286.1400000000         0.0000070510
    51880.0200000000         0.0000069730
    52480.7200000000         0.0000068831
    53088.4300000000         0.0000067781
    53703.1800000000         0.0000067136
    54325.0500000000         0.0000066211
    54954.0600000000         0.0000065692
    55590.4100000000         0.0000065175
    56234.1300000000         0.0000064634
    56885.3100000000         0.0000064228
    57543.9600000000         0.0000062814
    58210.3000000000         0.0000060881
    58884.3600000000         0.0000058485
    59566.2300000000         0.0000055673
    60255.9900000000         0.0000057737
    60953.6700000000         0.0000069259
    61659.5000000000         0.0000114664
    62373.5000000000         0.0000179649
    63095.7600000000         0.0000130474
    63826.3200000000         0.0000083335
    64565.4100000000         0.0000063035
    65313.0600000000         0.0000053813
    66069.3700000000         0.0000056722
    66834.3600000000         0.0000057562
    67608.2900000000         0.0000057292
    68391.1700000000         0.0000054822
    69183.1200000000         0.0000062300
    69984.1600000000         0.0000073827
    70794.5600000000         0.0000066689
    71614.3400000000         0.0000071579
    72443.6200000000         0.0000074670
    73282.4100000000         0.0000085371
    74131.0100000000         0.0000103340
    74989.4200000000         0.0000134024
    75857.7800000000         0.0000161154
    76736.1000000000         0.0000174576
    77624.6900000000         0.0000163180
    78523.5600000000         0.0000155088
    79432.8400000000         0.0000132163
    80352.6500000000         0.0000102640
    81283.0200000000         0.0000085736
    82224.2600000000         0.0000074075
    83176.3900000000         0.0000071786
    84139.5500000000         0.0000071283
    85113.7700000000         0.0000074911
    86099.3700000000         0.0000082628
    87096.3700000000         0.0000074855
    88104.9200000000         0.0000052694
    89125.0500000000         0.0000038334
    90157.1000000000         0.0000030180
    91201.0900000000         0.0000024648
    92257.1700000000         0.0000022308
    93325.3800000000         0.0000022069
    94406.0700000000         0.0000021647
    95499.2700000000         0.0000019758
    96605.1200000000         0.0000021185
    97723.6700000000         0.0000020388
    98855.2800000000         0.0000017598
   100000.0000000000         0.0000015902
   101157.9700000000         0.0000016749
   102329.2400000000         0.0000016958
   103514.1900000000         0.0000017076
   104712.8500000000         0.0000019334
   105925.4000000000         0.0000024206
   107151.9800000000         0.0000024057
   108392.6600000000         0.0000025013
   109647.8100000000         0.0000031042
   110917.5000000000         0.0000042721
   112201.9000000000         0.0000076632
   113501.0400000000         0.0000084998
   114815.3400000000         0.0000058417
   116144.8800000000         0.0000042426
   117489.8000000000         0.0000036622
   118850.1700000000         0.0000036891
   120226.4200000000         0.0000039753
   121618.6100000000         0.0000037816
   123026.9200000000         0.0000040916
   124451.4000000000         0.0000043735
   125892.5200000000         0.0000048997
   127350.3100000000         0.0000062277
   128824.9900000000         0.0000054699
   130316.6100000000         0.0000033196
   131825.6400000000         0.0000029597
   133352.1400000000         0.0000029136
   134896.3300000000         0.0000028537
   136458.2300000000         0.0000029194
   138038.3900000000         0.0000026264
   139636.8300000000         0.0000026303
   141253.7800000000         0.0000025625
   142889.4700000000         0.0000025389
   144543.9200000000         0.0000025422
   146217.7000000000         0.0000025458
   147910.8600000000         0.0000025496
   149623.6200000000         0.0000025535
   151356.0600000000         0.0000025574
   153108.7200000000         0.0000025613
   154881.6900000000         0.0000025653
   156675.1700000000         0.0000025696
   158489.2500000000         0.0000025741
   160324.5200000000         0.0000025781
   162181.0300000000         0.0000025799
   164059.0300000000         0.0000025817
   165958.6100000000         0.0000025836
   167880.3600000000         0.0000025857
   169824.3800000000         0.0000025878
   171790.8900000000         0.0000025902
   173779.9800000000         0.0000025926
   175792.3100000000         0.0000025951
   177827.9400000000         0.0000025978
   179887.1400000000         0.0000026007
   181969.9800000000         0.0000026021
   184077.1400000000         0.0000026028
   186208.7000000000         0.0000026028
   188364.9500000000         0.0000026022
   190545.9500000000         0.0000026018
   192752.4200000000         0.0000026038
   194984.4400000000         0.0000026050
   197242.3100000000         0.0000026055
   199526.3100000000         0.0000026052
