        1.0000000000         0.0000000000
      316.2300000000         0.0000000000
      316.9600000000         0.0000000000
      317.6900000000         0.0000000000
      318.4200000000         0.0000000000
      319.1500000000         0.0000000000
      319.8900000000         0.0000000000
      320.6300000000         0.0000000000
      321.3700000000         0.0000000000
      322.1100000000         0.0000000000
      322.8500000000         0.0000000000
      323.5900000000         0.0000000000
      324.3400000000         0.0000000000
      325.0900000000         0.0000000000
      325.8400000000         0.0000000000
      326.5900000000         0.0000000000
      327.3400000000         0.0000000000
      328.1000000000         0.0000000000
      328.8500000000         0.0000000000
      329.6100000000         0.0000000000
      330.3700000000         0.0000000000
      331.1300000000         0.0000000000
      331.8900000000         0.0000000000
      332.6600000000         0.0000000000
      333.4300000000         0.0000000000
      334.1900000000         0.0000000000
      334.9700000000         0.0000000000
      335.7400000000         0.0000000000
      336.5100000000         0.0000000000
      337.2900000000         0.0000000000
      338.0600000000         0.0000000000
      338.8400000000         0.0000000000
      339.6300000000         0.0000000000
      340.4100000000         0.0000000000
      341.1900000000         0.0000000000
      341.9800000000         0.0000000000
      342.7700000000         0.0000000000
      343.5600000000         0.0000000000
      344.3500000000         0.0000000000
      345.1400000000         0.0000000000
      345.9400000000         0.0000000000
      346.7400000000         0.0000000000
      347.5400000000         0.0000000000
      348.3400000000         0.0000000000
      349.1400000000         0.0000000000
      349.9500000000         0.0000000000
      350.7500000000         0.0000000000
      351.5600000000         0.0000000000
      352.3700000000         0.0000000000
      353.1800000000         0.0000000000
      354.0000000000         0.0000000000
      354.8100000000         0.0000000000
      355.6300000000         0.0000000000
      356.4500000000         0.0000000000
      357.2700000000         0.0000000000
      358.1000000000         0.0000000000
      358.9200000000         0.0000000000
      359.7500000000         0.0000000000
      360.5800000000         0.0000000000
      361.4100000000         0.0000000000
      362.2400000000         0.0000000000
      363.0800000000         0.0000000000
      363.9200000000         0.0000000000
      364.7500000000         0.0000000000
      365.5900000000         0.0000000000
      366.4400000000         0.0000000000
      367.2800000000         0.0000000000
      368.1300000000         0.0000000000
      368.9800000000         0.0000000000
      369.8300000000         0.0000000000
      370.6800000000         0.0000000000
      371.5400000000         0.0000000000
      372.3900000000         0.0000000000
      373.2500000000         0.0000000000
      374.1100000000         0.0000000000
      374.9700000000         0.0000000000
      375.8400000000         0.0000000000
      376.7000000000         0.0000000000
      377.5700000000         0.0000000000
      378.4400000000         0.0000000000
      379.3100000000         0.0000000000
      380.1900000000         0.0000000000
      381.0700000000         0.0000000000
      381.9400000000         0.0000000000
      382.8200000000         0.0000000000
      383.7100000000         0.0000000000
      384.5900000000         0.0000000000
      385.4800000000         0.0000000000
      386.3700000000         0.0000000000
      387.2600000000         0.0000000000
      388.1500000000         0.0000000000
      389.0500000000         0.0000000000
      389.9400000000         0.0000000000
      390.8400000000         0.0000000000
      391.7400000000         0.0000000000
      392.6500000000         0.0000000000
      393.5500000000         0.0000000000
      394.4600000000         0.0000000000
      395.3700000000         0.0000000000
      396.2800000000         0.0000000000
      397.1900000000         0.0000000000
      398.1100000000         0.0000000000
      399.0200000000         0.0000000000
      399.9400000000         0.0000000000
      400.8700000000         0.0000000000
      401.7900000000         0.0000000000
      402.7200000000         0.0000000000
      403.6500000000         0.0000000000
      404.5800000000         0.0000000000
      405.5100000000         0.0000000000
      406.4400000000         0.0000000000
      407.3800000000         0.0000000000
      408.3200000000         0.0000000000
      409.2600000000         0.0000000000
      410.2000000000         0.0000000000
      411.1500000000         0.0000000000
      412.1000000000         0.0000000000
      413.0500000000         0.0000000000
      414.0000000000         0.0000000000
      414.9500000000         0.0000000000
      415.9100000000         0.0000000000
      416.8700000000         0.0000000000
      417.8300000000         0.0000000000
      418.7900000000         0.0000000000
      419.7600000000         0.0000000000
      420.7300000000         0.0000000000
      421.7000000000         0.0000000000
      422.6700000000         0.0000000000
      423.6400000000         0.0000000000
      424.6200000000         0.0000000000
      425.6000000000         0.0000000000
      426.5800000000         0.0000000000
      427.5600000000         0.0000000000
      428.5500000000         0.0000000000
      429.5400000000         0.0000000000
      430.5300000000         0.0000000000
      431.5200000000         0.0000000000
      432.5100000000         0.0000000000
      433.5100000000         0.0000000000
      434.5100000000         0.0000000000
      435.5100000000         0.0000000000
      436.5200000000         0.0000000000
      437.5200000000         0.0000000000
      438.5300000000         0.0000000000
      439.5400000000         0.0000000000
      440.5500000000         0.0000000000
      441.5700000000         0.0000000000
      442.5900000000         0.0000000000
      443.6100000000         0.0000000000
      444.6300000000         0.0000000000
      445.6600000000         0.0000000000
      446.6800000000         0.0000000000
      447.7100000000         0.0000000000
      448.7500000000         0.0000000000
      449.7800000000         0.0000000000
      450.8200000000         0.0000000000
      451.8600000000         0.0000000000
      452.9000000000         0.0000000000
      453.9400000000         0.0000000000
      454.9900000000         0.0000000000
      456.0400000000         0.0000000000
      457.0900000000         0.0000000000
      458.1400000000         0.0000000000
      459.2000000000         0.0000000000
      460.2600000000         0.0000000000
      461.3200000000         0.0000000000
      462.3800000000         0.0000000000
      463.4500000000         0.0000000000
      464.5200000000         0.0000000000
      465.5900000000         0.0000000000
      466.6600000000         0.0000000000
      467.7400000000         0.0000000000
      468.8100000000         0.0000000000
      469.8900000000         0.0000000000
      470.9800000000         0.0000000000
      472.0600000000         0.0000000000
      473.1500000000         0.0000000000
      474.2400000000         0.0000000000
      475.3400000000         0.0000000000
      476.4300000000         0.0000000000
      477.5300000000         0.0000000000
      478.6300000000         0.0000000000
      479.7300000000         0.0000000000
      480.8400000000         0.0000000000
      481.9500000000         0.0000000000
      483.0600000000         0.0000000000
      484.1700000000         0.0000000000
      485.2900000000         0.0000000000
      486.4100000000         0.0000000000
      487.5300000000         0.0000000000
      488.6500000000         0.0000000000
      489.7800000000         0.0000000000
      490.9100000000         0.0000000000
      492.0400000000         0.0000000000
      493.1700000000         0.0000000000
      494.3100000000         0.0000000000
      495.4500000000         0.0000000000
      496.5900000000         0.0000000000
      497.7400000000         0.0000000000
      498.8800000000         0.0000000000
      500.0300000000         0.0000000000
      501.1900000000         0.0000000000
      502.3400000000         0.0000000000
      503.5000000000         0.0000000000
      504.6600000000         0.0000000000
      505.8200000000         0.0000000000
      506.9900000000         0.0000000000
      508.1600000000         0.0000000000
      509.3300000000         0.0000000000
      510.5000000000         0.0000000000
      511.6800000000         0.0000000000
      512.8600000000         0.0000000000
      514.0400000000         0.0000000000
      515.2300000000         0.0000000000
      516.4200000000         0.0000000000
      517.6100000000         0.0000000000
      518.8000000000         0.0000000000
      520.0000000000         0.0000000000
      521.1900000000         0.0000000000
      522.4000000000         0.0000000000
      523.6000000000         0.0000000000
      524.8100000000         0.0000000000
      526.0200000000         0.0000000000
      527.2300000000         0.0000000000
      528.4500000000         0.0000000000
      529.6600000000         0.0000000000
      530.8800000000         0.0000000000
      532.1100000000         0.0000000000
      533.3300000000         0.0000000000
      534.5600000000         0.0000000000
      535.8000000000         0.0000000000
      537.0300000000         0.0000000000
      538.2700000000         0.0000000000
      539.5100000000         0.0000000000
      540.7500000000         0.0000000000
      542.0000000000         0.0000000000
      543.2500000000         0.0000000000
      544.5000000000         0.0000000000
      545.7600000000         0.0000000000
      547.0200000000         0.0000000000
      548.2800000000         0.0000000000
      549.5400000000         0.0000000000
      550.8100000000         0.0000000000
      552.0800000000         0.0000000000
      553.3500000000         0.0000000000
      554.6300000000         0.0000000000
      555.9000000000         0.0000000000
      557.1900000000         0.0000000000
      558.4700000000         0.0000000000
      559.7600000000         0.0000000000
      561.0500000000         0.0000000000
      562.3400000000         0.0000000000
      563.6400000000         0.0000000000
      564.9400000000         0.0000000000
      566.2400000000         0.0000000000
      567.5400000000         0.0000000000
      568.8500000000         0.0000000000
      570.1600000000         0.0000000000
      571.4800000000         0.0000000000
      572.8000000000         0.0000000000
      574.1200000000         0.0000000000
      575.4400000000         0.0000000000
      576.7700000000         0.0000000000
      578.1000000000         0.0000000000
      579.4300000000         0.0000000000
      580.7600000000         0.0000000000
      582.1000000000         0.0000000000
      583.4500000000         0.0000000000
      584.7900000000         0.0000000000
      586.1400000000         0.0000000000
      587.4900000000         0.0000000000
      588.8400000000         0.0000000000
      590.2000000000         0.0000000000
      591.5600000000         0.0000000000
      592.9300000000         0.0000000000
      594.2900000000         0.0000000000
      595.6600000000         0.0000000000
      597.0400000000         0.0000000000
      598.4100000000         0.0000000000
      599.7900000000         0.0000000000
      601.1700000000         0.0000000000
      602.5600000000         0.0000000000
      603.9500000000         0.0000000000
      605.3400000000         0.0000000000
      606.7400000000         0.0000000000
      608.1300000000         0.0000000000
      609.5400000000         0.0000000000
      610.9400000000         0.0000000000
      612.3500000000         0.0000000000
      613.7600000000         0.0000000000
      615.1800000000         0.0000000000
      616.5900000000         0.0000000000
      618.0200000000         0.0000000000
      619.4400000000         0.0000000000
      620.8700000000         0.0000000000
      622.3000000000         0.0000000000
      623.7300000000         0.0000000000
      625.1700000000         0.0000000000
      626.6100000000         0.0000000000
      628.0600000000         0.0000000000
      629.5100000000         0.0000000000
      630.9600000000         0.0000000000
      632.4100000000         0.0000000000
      633.8700000000         0.0000000000
      635.3300000000         0.0000000000
      636.8000000000         0.0000000000
      638.2600000000         0.0000000000
      639.7300000000         0.0000000000
      641.2100000000         0.0000000000
      642.6900000000         0.0000000000
      644.1700000000         0.0000000000
      645.6500000000         0.0000000000
      647.1400000000         0.0000000000
      648.6300000000         0.0000000000
      650.1300000000         0.0000000000
      651.6300000000         0.0000000000
      653.1300000000         0.0000000000
      654.6400000000         0.0000000000
      656.1500000000         0.0000000000
      657.6600000000         0.0000000000
      659.1700000000         0.0000000000
      660.6900000000         0.0000000000
      662.2200000000         0.0000000000
      663.7400000000         0.0000000000
      665.2700000000         0.0000000000
      666.8100000000         0.0000000000
      668.3400000000         0.0000000000
      669.8800000000         0.0000000000
      671.4300000000         0.0000000000
      672.9800000000         0.0000000000
      674.5300000000         0.0000000000
      676.0800000000         0.0000000000
      677.6400000000         0.0000000000
      679.2000000000         0.0000000000
      680.7700000000         0.0000000000
      682.3400000000         0.0000000000
      683.9100000000         0.0000000000
      685.4900000000         0.0000000000
      687.0700000000         0.0000000000
      688.6500000000         0.0000000000
      690.2400000000         0.0000000000
      691.8300000000         0.0000000000
      693.4300000000         0.0000000000
      695.0200000000         0.0000000000
      696.6300000000         0.0000000000
      698.2300000000         0.0000000000
      699.8400000000         0.0000000000
      701.4600000000         0.0000000000
      703.0700000000         0.0000000000
      704.6900000000         0.0000000000
      706.3200000000         0.0000000000
      707.9500000000         0.0000000000
      709.5800000000         0.0000000000
      711.2100000000         0.0000000000
      712.8500000000         0.0000000000
      714.5000000000         0.0000000000
      716.1400000000         0.0000000000
      717.7900000000         0.0000000000
      719.4500000000         0.0000000000
      721.1100000000         0.0000000000
      722.7700000000         0.0000000000
      724.4400000000         0.0000000000
      726.1100000000         0.0000000000
      727.7800000000         0.0000000000
      729.4600000000         0.0000000000
      731.1400000000         0.0000000000
      732.8200000000         0.0000000000
      734.5100000000         0.0000000000
      736.2100000000         0.0000000000
      737.9000000000         0.0000000000
      739.6100000000         0.0000000000
      741.3100000000         0.0000000000
      743.0200000000         0.0000000000
      744.7300000000         0.0000000000
      746.4500000000         0.0000000000
      748.1700000000         0.0000000000
      749.8900000000         0.0000000000
      751.6200000000         0.0000000000
      753.3600000000         0.0000000000
      755.0900000000         0.0000000000
      756.8300000000         0.0000000000
      758.5800000000         0.0000000000
      760.3300000000         0.0000000000
      762.0800000000         0.0000000000
      763.8400000000         0.0000000000
      765.6000000000         0.0000000000
      767.3600000000         0.0000000000
      769.1300000000         0.0000000000
      770.9000000000         0.0000000000
      772.6800000000         0.0000000000
      774.4600000000         0.0000000000
      776.2500000000         0.0000000000
      778.0400000000         0.0000000000
      779.8300000000         0.0000000000
      781.6300000000         0.0000000000
      783.4300000000         0.0000000000
      785.2400000000         0.0000000000
      787.0500000000         0.0000000000
      788.8600000000         0.0000000000
      790.6800000000         0.0000000000
      792.5000000000         0.0000000000
      794.3300000000         0.0000000000
      796.1600000000         0.0000000000
      797.9900000000         0.0000000000
      799.8300000000         0.0000000000
      801.6800000000         0.0000000000
      803.5300000000         0.0000000000
      805.3800000000         0.0000000000
      807.2400000000         0.0000000000
      809.1000000000         0.0000000000
      810.9600000000         0.0000000000
      812.8300000000         0.0000000000
      814.7000000000         0.0000000000
      816.5800000000         0.0000000000
      818.4600000000         0.0000000000
      820.3500000000         0.0000000000
      822.2400000000         0.0000000000
      824.1400000000         0.0000000000
      826.0400000000         0.0000000000
      827.9400000000         0.0000000000
      829.8500000000         0.0000000000
      831.7600000000         0.0000000000
      833.6800000000         0.0000000000
      835.6000000000         0.0000000000
      837.5300000000         0.0000000000
      839.4600000000         0.0000000000
      841.4000000000         0.0000000000
      843.3300000000         0.0000000000
      845.2800000000         0.0000000000
      847.2300000000         0.0000000000
      849.1800000000         0.0000000000
      851.1400000000         0.0000000000
      853.1000000000         0.0000000000
      855.0700000000         0.0000000000
      857.0400000000         0.0000000000
      859.0100000000         0.0000000000
      860.9900000000         0.0000000000
      862.9800000000         0.0000000000
      864.9700000000         0.0000000000
      866.9600000000         0.0000000000
      868.9600000000         0.0000000000
      870.9600000000         0.0000000000
      872.9700000000         0.0000000000
      874.9800000000         0.0000000000
      877.0000000000         0.0000000000
      879.0200000000         0.0000000000
      881.0500000000         0.0000000000
      883.0800000000         0.0000000000
      885.1200000000         0.0000000000
      887.1600000000         0.0000000000
      889.2000000000         0.0000000000
      891.2500000000         0.0000000000
      893.3100000000         0.0000000000
      895.3600000000         0.0000000000
      897.4300000000         0.0000000000
      899.5000000000         0.0000000000
      901.5700000000         0.0000000000
      903.6500000000         0.0000000000
      905.7300000000         0.0000000000
      907.8200000000         0.0000000000
      909.9100000000         0.0000000000
      912.0100000000         0.0000341534
      914.1100000000         0.0000695367
      916.2200000000         0.0001046762
      918.3300000000         0.0001395802
      920.4500000000         0.0001742347
      922.5700000000         0.0002086489
      924.7000000000         0.0002428326
      926.8300000000         0.0002767694
      928.9700000000         0.0003104700
      931.1100000000         0.0003439358
      933.2500000000         0.0003771743
      935.4100000000         0.0004101733
      937.5600000000         0.0004429405
      939.7200000000         0.0004754846
      941.8900000000         0.0005077925
      944.0600000000         0.0005398729
      946.2400000000         0.0005717339
      948.4200000000         0.0006033622
      950.6000000000         0.0006347661
      952.8000000000         0.0006659474
      954.9900000000         0.0006969143
      957.1900000000         0.0007276537
      959.4000000000         0.0007581729
      961.6100000000         0.0007884822
      963.8300000000         0.0008185672
      966.0500000000         0.0008484361
      968.2800000000         0.0008780975
      970.5100000000         0.0009075383
      972.7500000000         0.0009367665
      974.9900000000         0.0009657913
      977.2400000000         0.0009945992
      979.4900000000         0.0010231981
      981.7500000000         0.0010515888
      984.0100000000         0.0010797803
      986.2800000000         0.0011077598
      988.5500000000         0.0011355346
      990.8300000000         0.0011631129
      993.1200000000         0.0011904824
      995.4100000000         0.0012176506
      997.7000000000         0.0012446259
     1000.0000000000         0.0012713955
     1002.3100000000         0.0012979675
     1004.6200000000         0.0013243434
     1006.9300000000         0.0013112667
     1009.2500000000         0.0012904733
     1011.5800000000         0.0012698091
     1013.9100000000         0.0012492689
     1016.2500000000         0.0011577037
     1018.5900000000         0.0010048620
     1020.9400000000         0.0008530241
     1023.2900000000         0.0007022606
     1025.6500000000         0.0006105799
     1028.0200000000         0.0006712411
     1030.3900000000         0.0007314633
     1032.7600000000         0.0007912639
     1035.1400000000         0.0008580485
     1037.5300000000         0.0010409853
     1039.9200000000         0.0012226138
     1042.3200000000         0.0014029780
     1044.7200000000         0.0015821283
     1047.1300000000         0.0016180412
     1049.5400000000         0.0016350817
     1051.9600000000         0.0016519915
     1054.3900000000         0.0016687635
     1056.8200000000         0.0016154391
     1059.2500000000         0.0015389177
     1061.7000000000         0.0014628912
     1064.1400000000         0.0013873847
     1066.6000000000         0.0013997619
     1069.0500000000         0.0014588693
     1071.5200000000         0.0015175450
     1073.9900000000         0.0015757959
     1076.4700000000         0.0015463032
     1078.9500000000         0.0014569035
     1081.4300000000         0.0013681033
     1083.9300000000         0.0012798995
     1086.4300000000         0.0012995949
     1088.9300000000         0.0013997440
     1091.4400000000         0.0014991923
     1093.9600000000         0.0015979572
     1096.4800000000         0.0016500599
     1099.0100000000         0.0016694209
     1101.5400000000         0.0016886349
     1104.0800000000         0.0017076951
     1106.6200000000         0.0017060561
     1109.1800000000         0.0016927711
     1111.7300000000         0.0016795633
     1114.2900000000         0.0016664286
     1116.8600000000         0.0016556288
     1119.4400000000         0.0016457388
     1122.0200000000         0.0016359020
     1124.6000000000         0.0016261155
     1127.2000000000         0.0017004935
     1129.8000000000         0.0017894156
     1132.4000000000         0.0018777065
     1135.0100000000         0.0019648077
     1137.6300000000         0.0019139639
     1140.2500000000         0.0018634510
     1142.8800000000         0.0018132671
     1145.5100000000         0.0017820533
     1148.1500000000         0.0018280293
     1150.8000000000         0.0018736699
     1153.4500000000         0.0019189870
     1156.1100000000         0.0019586484
     1158.7800000000         0.0019906445
     1161.4500000000         0.0020224066
     1164.1300000000         0.0020539220
     1166.8100000000         0.0019891993
     1169.5000000000         0.0018786028
     1172.2000000000         0.0017687766
     1174.9000000000         0.0016596919
     1177.6100000000         0.0017284353
     1180.3200000000         0.0018036653
     1183.0400000000         0.0018783407
     1185.7700000000         0.0018600116
     1188.5000000000         0.0016065814
     1191.2400000000         0.0013549308
     1193.9900000000         0.0011050063
     1196.7400000000         0.0009820615
     1199.5000000000         0.0009326809
     1202.2600000000         0.0008836284
     1205.0400000000         0.0008343621
     1207.8100000000         0.0007435688
     1210.6000000000         0.0006534102
     1213.3900000000         0.0005638677
     1216.1900000000         0.0005764252
     1218.9900000000         0.0007264410
     1221.8000000000         0.0008754170
     1224.6200000000         0.0010233962
     1227.4400000000         0.0012736559
     1230.2700000000         0.0015383936
     1233.1000000000         0.0018012881
     1235.9500000000         0.0020123573
     1238.8000000000         0.0021219815
     1241.6500000000         0.0022308298
     1244.5100000000         0.0023389333
     1247.3800000000         0.0023254580
     1250.2600000000         0.0022875124
     1253.1400000000         0.0022497936
     1256.0300000000         0.0021651939
     1258.9300000000         0.0019962995
     1261.8300000000         0.0018285089
     1264.7400000000         0.0016618946
     1267.6500000000         0.0019016191
     1270.5700000000         0.0021798848
     1273.5000000000         0.0024562676
     1276.4400000000         0.0026316959
     1279.3800000000         0.0027031710
     1282.3300000000         0.0027741387
     1285.2900000000         0.0028194338
     1288.2500000000         0.0026307914
     1291.2200000000         0.0024433734
     1294.2000000000         0.0022572663
     1297.1800000000         0.0021613312
     1300.1700000000         0.0020987778
     1303.1700000000         0.0020366164
     1306.1700000000         0.0020803513
     1309.1800000000         0.0022885611
     1312.2000000000         0.0024953566
     1315.2200000000         0.0026843734
     1318.2600000000         0.0026695977
     1321.3000000000         0.0026548922
     1324.3400000000         0.0026402629
     1327.3900000000         0.0025264893
     1330.4500000000         0.0023862133
     1333.5200000000         0.0022469044
     1336.6000000000         0.0022883147
     1339.6800000000         0.0024956472
     1342.7700000000         0.0027015731
     1345.8600000000         0.0028388985
     1348.9600000000         0.0028012861
     1352.0700000000         0.0027638939
     1355.1900000000         0.0027220524
     1358.3100000000         0.0026081733
     1361.4400000000         0.0024950237
     1364.5800000000         0.0023826493
     1367.7300000000         0.0024370248
     1370.8800000000         0.0025163055
     1374.0400000000         0.0025950330
     1377.2100000000         0.0026291411
     1380.3800000000         0.0026439372
     1383.5700000000         0.0026586074
     1386.7600000000         0.0026459384
     1389.9500000000         0.0026111663
     1393.1600000000         0.0025765982
     1396.3700000000         0.0025606167
     1399.5900000000         0.0025694019
     1402.8100000000         0.0025781011
     1406.0500000000         0.0025680442
     1409.2900000000         0.0025191614
     1412.5400000000         0.0024705885
     1415.7900000000         0.0024450545
     1419.0600000000         0.0024900530
     1422.3300000000         0.0025347150
     1425.6100000000         0.0025632838
     1428.8900000000         0.0025224774
     1432.1900000000         0.0024819255
     1435.4900000000         0.0024614327
     1438.8000000000         0.0025545922
     1442.1200000000         0.0026464986
     1445.4400000000         0.0027215579
     1448.7700000000         0.0027323705
     1452.1100000000         0.0026870880
     1455.4600000000         0.0026373651
     1458.8100000000         0.0025582409
     1462.1800000000         0.0024796531
     1465.5500000000         0.0024106530
     1468.9300000000         0.0023887802
     1472.3100000000         0.0023670380
     1475.7100000000         0.0023568964
     1479.1100000000         0.0023903714
     1482.5200000000         0.0024235980
     1485.9400000000         0.0024563733
     1489.3600000000         0.0024883931
     1492.7900000000         0.0025201747
     1496.2400000000         0.0025267706
     1499.6800000000         0.0024888895
     1503.1400000000         0.0024512350
     1506.6100000000         0.0023630608
     1510.0800000000         0.0022169116
     1513.5600000000         0.0022006892
     1517.0500000000         0.0023394367
     1520.5500000000         0.0022510188
     1524.0500000000         0.0021631862
     1527.5700000000         0.0020666702
     1531.0900000000         0.0019674157
     1534.6200000000         0.0018688216
     1538.1500000000         0.0019756099
     1541.7000000000         0.0021064382
     1545.2500000000         0.0022221750
     1548.8200000000         0.0021534530
     1552.3900000000         0.0020851961
     1555.9700000000         0.0020293014
     1559.5500000000         0.0020059438
     1563.1500000000         0.0019827194
     1566.7500000000         0.0019908613
     1570.3600000000         0.0020318797
     1573.9800000000         0.0020726034
     1577.6100000000         0.0021232378
     1581.2500000000         0.0021774720
     1584.8900000000         0.0022313236
     1588.5500000000         0.0022578065
     1592.2100000000         0.0022832747
     1595.8800000000         0.0022931069
     1599.5600000000         0.0022539485
     1603.2500000000         0.0022150350
     1606.9400000000         0.0021990153
     1610.6500000000         0.0022035164
     1614.3600000000         0.0022079621
     1618.0800000000         0.0021527254
     1621.8100000000         0.0020854371
     1625.5500000000         0.0020351401
     1629.3000000000         0.0020810997
     1633.0500000000         0.0021267293
     1636.8200000000         0.0021583894
     1640.5900000000         0.0021752317
     1644.3700000000         0.0021919350
     1648.1600000000         0.0021114557
     1651.9600000000         0.0020122796
     1655.7700000000         0.0019520370
     1659.5900000000         0.0020430030
     1663.4100000000         0.0021332982
     1667.2500000000         0.0020480019
     1671.0900000000         0.0018398990
     1674.9400000000         0.0019957880
     1678.8000000000         0.0021784350
     1682.6700000000         0.0022643269
     1686.5500000000         0.0022888873
     1690.4400000000         0.0022224926
     1694.3400000000         0.0021565321
     1698.2400000000         0.0021028628
     1702.1600000000         0.0020519732
     1706.0800000000         0.0020022606
     1710.0200000000         0.0019550801
     1713.9600000000         0.0019082159
     1717.9100000000         0.0018899436
     1721.8700000000         0.0018818973
     1725.8400000000         0.0018867984
     1729.8200000000         0.0019397798
     1733.8000000000         0.0019923761
     1737.8000000000         0.0019942825
     1741.8100000000         0.0019747107
     1745.8200000000         0.0019744823
     1749.8500000000         0.0020488177
     1753.8800000000         0.0021226041
     1757.9200000000         0.0020590550
     1761.9800000000         0.0019436133
     1766.0400000000         0.0018709931
     1770.1100000000         0.0019210182
     1774.1900000000         0.0019706807
     1778.2800000000         0.0019835474
     1782.3800000000         0.0019873104
     1786.4900000000         0.0020161152
     1790.6100000000         0.0020888499
     1794.7300000000         0.0021610432
     1798.8700000000         0.0021421486
     1803.0200000000         0.0021171302
     1807.1700000000         0.0020746172
     1811.3400000000         0.0020163159
     1815.5200000000         0.0019652375
     1819.7000000000         0.0019630087
     1823.9000000000         0.0019607740
     1828.1000000000         0.0019286396
     1832.3100000000         0.0018860679
     1836.5400000000         0.0018331740
     1840.7700000000         0.0017621518
     1845.0200000000         0.0016918480
     1849.2700000000         0.0016935141
     1853.5300000000         0.0016951504
     1857.8000000000         0.0017111609
     1862.0900000000         0.0017345634
     1866.3800000000         0.0017713538
     1870.6800000000         0.0018364599
     1874.9900000000         0.0019011144
     1879.3200000000         0.0018426275
     1883.6500000000         0.0017843689
     1887.9900000000         0.0017515910
     1892.3400000000         0.0017303461
     1896.7100000000         0.0017245410
     1901.0800000000         0.0017425589
     1905.4600000000         0.0017568757
     1909.8500000000         0.0017408815
     1914.2600000000         0.0017249748
     1918.6700000000         0.0017149890
     1923.0900000000         0.0017062317
     1927.5200000000         0.0017006368
     1931.9700000000         0.0016974156
     1936.4200000000         0.0017079924
     1940.8900000000         0.0017478210
     1945.3600000000         0.0017808747
     1949.8400000000         0.0017397007
     1954.3400000000         0.0016987924
     1958.8400000000         0.0017431197
     1963.3600000000         0.0018016850
     1967.8900000000         0.0018513731
     1972.4200000000         0.0018660416
     1976.9700000000         0.0018651715
     1981.5300000000         0.0018075255
     1986.0900000000         0.0017627146
     1990.6700000000         0.0017328614
     1995.2600000000         0.0017054928
     1999.8600000000         0.0017160072
     2004.4700000000         0.0017264335
     2009.0900000000         0.0016908033
     2013.7200000000         0.0016494866
     2018.3700000000         0.0016630728
     2023.0200000000         0.0016972261
     2027.6800000000         0.0016941644
     2032.3600000000         0.0016638798
     2037.0400000000         0.0016627943
     2041.7400000000         0.0016991660
     2046.4400000000         0.0017108578
     2051.1600000000         0.0016674157
     2055.8900000000         0.0016314103
     2060.6300000000         0.0016263587
     2065.3800000000         0.0016266725
     2070.1400000000         0.0016882753
     2074.9100000000         0.0017354512
     2079.7000000000         0.0017396314
     2084.4900000000         0.0017733726
     2089.3000000000         0.0017305806
     2094.1100000000         0.0016790489
     2098.9400000000         0.0016573396
     2103.7800000000         0.0016423995
     2108.6300000000         0.0016451819
     2113.4900000000         0.0016538551
     2118.3600000000         0.0016609576
     2123.2400000000         0.0016673239
     2128.1400000000         0.0016129446
     2133.0400000000         0.0015250216
     2137.9600000000         0.0015232246
     2142.8900000000         0.0015777461
     2147.8300000000         0.0016140279
     2152.7800000000         0.0016367547
     2157.7400000000         0.0016209651
     2162.7200000000         0.0015743210
     2167.7000000000         0.0015468900
     2172.7000000000         0.0015355360
     2177.7100000000         0.0015308759
     2182.7300000000         0.0015318468
     2187.7600000000         0.0015540535
     2192.8000000000         0.0015935282
     2197.8600000000         0.0015900076
     2202.9300000000         0.0015537816
     2208.0000000000         0.0015014799
     2213.0900000000         0.0014382787
     2218.2000000000         0.0014017186
     2223.3100000000         0.0013809786
     2228.4400000000         0.0014316448
     2233.5700000000         0.0015169299
     2238.7200000000         0.0014992532
     2243.8800000000         0.0014424891
     2249.0500000000         0.0013916264
     2254.2400000000         0.0013426380
     2259.4400000000         0.0013471257
     2264.6400000000         0.0013606736
     2269.8600000000         0.0013927887
     2275.1000000000         0.0014262307
     2280.3400000000         0.0014700409
     2285.6000000000         0.0015026977
     2290.8700000000         0.0014510795
     2296.1500000000         0.0014105762
     2301.4400000000         0.0014090410
     2306.7500000000         0.0013917666
     2312.0600000000         0.0013426193
     2317.3900000000         0.0012371152
     2322.7400000000         0.0010630506
     2328.0900000000         0.0010482533
     2333.4600000000         0.0011490755
     2338.8400000000         0.0011455960
     2344.2300000000         0.0011006056
     2349.6300000000         0.0011790509
     2355.0500000000         0.0012755839
     2360.4800000000         0.0011746712
     2365.9200000000         0.0010980665
     2371.3700000000         0.0011379872
     2376.8400000000         0.0011371791
     2382.3200000000         0.0010568597
     2387.8100000000         0.0010500898
     2393.3200000000         0.0011128343
     2398.8300000000         0.0011106938
     2404.3600000000         0.0010802881
     2409.9100000000         0.0010991936
     2415.4600000000         0.0011290883
     2421.0300000000         0.0012114455
     2426.6100000000         0.0012615771
     2432.2000000000         0.0012334229
     2437.8100000000         0.0012514248
     2443.4300000000         0.0013149504
     2449.0600000000         0.0013244938
     2454.7100000000         0.0013133340
     2460.3700000000         0.0012968740
     2466.0400000000         0.0012756252
     2471.7200000000         0.0012340475
     2477.4200000000         0.0012096644
     2483.1300000000         0.0012082878
     2488.8600000000         0.0011990329
     2494.5900000000         0.0011860252
     2500.3500000000         0.0012823947
     2506.1100000000         0.0013317191
     2511.8900000000         0.0011519187
     2517.6800000000         0.0011251010
     2523.4800000000         0.0010801530
     2529.3000000000         0.0010945407
     2535.1300000000         0.0011298208
     2540.9700000000         0.0011224591
     2546.8300000000         0.0011536576
     2552.7000000000         0.0012692310
     2558.5900000000         0.0012791910
     2564.4800000000         0.0012220037
     2570.3900000000         0.0012887480
     2576.3200000000         0.0013437086
     2582.2600000000         0.0013178455
     2588.2100000000         0.0012928791
     2594.1800000000         0.0012686893
     2600.1600000000         0.0012263198
     2606.1500000000         0.0011862419
     2612.1600000000         0.0011670382
     2618.1800000000         0.0011959337
     2624.2200000000         0.0012673016
     2630.2700000000         0.0013733719
     2636.3300000000         0.0014922158
     2642.4100000000         0.0016395743
     2648.5000000000         0.0017797046
     2654.6100000000         0.0019143135
     2660.7200000000         0.0016949798
     2666.8600000000         0.0015491340
     2673.0100000000         0.0016252444
     2679.1700000000         0.0016785159
     2685.3400000000         0.0017110297
     2691.5300000000         0.0015784379
     2697.7400000000         0.0015450678
     2703.9600000000         0.0016360533
     2710.1900000000         0.0015373786
     2716.4400000000         0.0014207630
     2722.7000000000         0.0013692669
     2728.9800000000         0.0014109347
     2735.2700000000         0.0014925565
     2741.5700000000         0.0012765296
     2747.8900000000         0.0011880980
     2754.2300000000         0.0012492525
     2760.5800000000         0.0013318874
     2766.9400000000         0.0014074179
     2773.3200000000         0.0014607665
     2779.7100000000         0.0013699665
     2786.1200000000         0.0012106848
     2792.5400000000         0.0009679327
     2798.9800000000         0.0009150924
     2805.4300000000         0.0009937431
     2811.9000000000         0.0012825821
     2818.3800000000         0.0014957037
     2824.8800000000         0.0016398657
     2831.3900000000         0.0015898519
     2837.9200000000         0.0015080014
     2844.4600000000         0.0013914547
     2851.0200000000         0.0012771564
     2857.5900000000         0.0013067464
     2864.1800000000         0.0015555487
     2870.7800000000         0.0016926698
     2877.4000000000         0.0017547678
     2884.0300000000         0.0017137475
     2890.6800000000         0.0017857462
     2897.3400000000         0.0019076349
     2904.0200000000         0.0020861316
     2910.7200000000         0.0022372927
     2917.4300000000         0.0021700992
     2924.1500000000         0.0021033455
     2930.8900000000         0.0020414849
     2937.6500000000         0.0020092446
     2944.4200000000         0.0019772046
     2951.2100000000         0.0019544503
     2958.0100000000         0.0019736835
     2964.8300000000         0.0019927633
     2971.6700000000         0.0020085326
     2978.5200000000         0.0020143813
     2985.3800000000         0.0020201686
     2992.2600000000         0.0020260212
     2999.1600000000         0.0020320721
     3006.0800000000         0.0020380577
     3013.0100000000         0.0020509842
     3019.9500000000         0.0020729282
     3026.9100000000         0.0020946944
     3033.8900000000         0.0021112284
     3040.8900000000         0.0021236236
     3047.8900000000         0.0021359082
     3054.9200000000         0.0021673411
     3061.9600000000         0.0022067546
     3069.0200000000         0.0022458837
     3076.1000000000         0.0022451952
     3083.1900000000         0.0022381635
     3090.3000000000         0.0022341807
     3097.4200000000         0.0022998161
     3104.5600000000         0.0023649728
     3111.7200000000         0.0024038916
     3118.8900000000         0.0023609907
     3126.0800000000         0.0023183611
     3133.2800000000         0.0022975227
     3140.5100000000         0.0023024424
     3147.7500000000         0.0023073026
     3155.0000000000         0.0023403270
     3162.2800000000         0.0023857844
     3169.5700000000         0.0024308942
     3176.8700000000         0.0023476309
     3184.2000000000         0.0022568458
     3191.5400000000         0.0021982207
     3198.8900000000         0.0022587103
     3206.2700000000         0.0023187727
     3213.6600000000         0.0023017467
     3221.0700000000         0.0022068890
     3228.4900000000         0.0021126613
     3235.9400000000         0.0022475491
     3243.4000000000         0.0024393166
     3250.8700000000         0.0026209380
     3258.3700000000         0.0027347771
     3265.8800000000         0.0028477747
     3273.4100000000         0.0029020323
     3280.9500000000         0.0028859326
     3288.5200000000         0.0028699157
     3296.1000000000         0.0028277240
     3303.6900000000         0.0027794144
     3311.3100000000         0.0027427161
     3318.9400000000         0.0027605495
     3326.5900000000         0.0027782309
     3334.2600000000         0.0027691992
     3341.9500000000         0.0027390381
     3349.6500000000         0.0027090560
     3357.3800000000         0.0025330966
     3365.1200000000         0.0023515078
     3372.8700000000         0.0022639080
     3380.6500000000         0.0023343116
     3388.4400000000         0.0024041899
     3396.2500000000         0.0024315128
     3404.0800000000         0.0024481639
     3411.9300000000         0.0024679007
     3419.7900000000         0.0024973350
     3427.6800000000         0.0025265410
     3435.5800000000         0.0025593215
     3443.5000000000         0.0025934190
     3451.4400000000         0.0026249888
     3459.3900000000         0.0026460872
     3467.3700000000         0.0026670068
     3475.3600000000         0.0027370071
     3483.3700000000         0.0028306160
     3491.4000000000         0.0029181724
     3499.4500000000         0.0029796038
     3507.5200000000         0.0030405805
     3515.6000000000         0.0029897157
     3523.7100000000         0.0028899587
     3531.8300000000         0.0028433495
     3539.9700000000         0.0029770618
     3548.1300000000         0.0031097909
     3556.3100000000         0.0028934851
     3564.5100000000         0.0025758764
     3572.7300000000         0.0023681025
     3580.9600000000         0.0023777003
     3589.2200000000         0.0023872063
     3597.4900000000         0.0025499295
     3605.7900000000         0.0027274243
     3614.1000000000         0.0028425860
     3622.4300000000         0.0028942612
     3630.7800000000         0.0029479344
     3639.1500000000         0.0030244174
     3647.5400000000         0.0032873349
     3655.9500000000         0.0034133364
     3664.3700000000         0.0034740344
     3672.8200000000         0.0034636285
     3681.2900000000         0.0033126955
     3689.7800000000         0.0031628010
     3698.2800000000         0.0032460985
     3706.8100000000         0.0033350983
     3715.3500000000         0.0031433976
     3723.9200000000         0.0027863218
     3732.5000000000         0.0025884644
     3741.1100000000         0.0027725622
     3749.7300000000         0.0029553624
     3758.3700000000         0.0032205633
     3767.0400000000         0.0034866768
     3775.7200000000         0.0036558316
     3784.4200000000         0.0037747030
     3793.1500000000         0.0038524291
     3801.8900000000         0.0038583772
     3810.6600000000         0.0038208433
     3819.4400000000         0.0032490874
     3828.2500000000         0.0026813736
     3837.0700000000         0.0028851221
     3845.9200000000         0.0032774031
     3854.7800000000         0.0034902869
     3863.6700000000         0.0035513483
     3872.5700000000         0.0035741529
     3881.5000000000         0.0035040150
     3890.4500000000         0.0034629528
     3899.4200000000         0.0039602942
     3908.4100000000         0.0044542821
     3917.4200000000         0.0038979615
     3926.4500000000         0.0031214589
     3935.5000000000         0.0031511588
     3944.5700000000         0.0036965609
     3953.6700000000         0.0037644322
     3962.7800000000         0.0031318509
     3971.9200000000         0.0028950151
     3981.0700000000         0.0041324790
     3990.2500000000         0.0053352276
     3999.4500000000         0.0055878870
     4008.6700000000         0.0058386894
     4017.9100000000         0.0058517316
     4027.1700000000         0.0058249100
     4036.4500000000         0.0057570995
     4045.7600000000         0.0056717070
     4055.0900000000         0.0055537685
     4064.4300000000         0.0054091038
     4073.8000000000         0.0054458631
     4083.1900000000         0.0057459837
     4092.6100000000         0.0058874716
     4102.0400000000         0.0056199576
     4111.5000000000         0.0054220045
     4120.9800000000         0.0055853273
     4130.4700000000         0.0057390295
     4140.0000000000         0.0057321247
     4149.5400000000         0.0057252054
     4159.1100000000         0.0057492503
     4168.6900000000         0.0057746302
     4178.3000000000         0.0057397475
     4187.9400000000         0.0056956015
     4197.5900000000         0.0057046749
     4207.2600000000         0.0057280012
     4216.9600000000         0.0056413920
     4226.6900000000         0.0055123535
     4236.4300000000         0.0055640461
     4246.2000000000         0.0057079033
     4255.9800000000         0.0056703938
     4265.7900000000         0.0055187214
     4275.6300000000         0.0053815413
     4285.4800000000         0.0052552926
     4295.3600000000         0.0050391117
     4305.2600000000         0.0047481298
     4315.1900000000         0.0049353642
     4325.1400000000         0.0055547571
     4335.1100000000         0.0058131842
     4345.1000000000         0.0057310308
     4355.1200000000         0.0059140571
     4365.1600000000         0.0063484148
     4375.2200000000         0.0063926191
     4385.3100000000         0.0060781622
     4395.4200000000         0.0060092448
     4405.5500000000         0.0061512440
     4415.7000000000         0.0063187364
     4425.8800000000         0.0065056183
     4436.0800000000         0.0065999776
     4446.3100000000         0.0066320808
     4456.5600000000         0.0067712679
     4466.8300000000         0.0069696400
     4477.1300000000         0.0070755109
     4487.4500000000         0.0071402276
     4497.8000000000         0.0075124674
     4508.1700000000         0.0079824375
     4518.5600000000         0.0076471521
     4528.9700000000         0.0071426588
     4539.4100000000         0.0072281859
     4549.8800000000         0.0073768198
     4560.3700000000         0.0076680458
     4570.8800000000         0.0079161478
     4581.4200000000         0.0076963096
     4591.9800000000         0.0075365948
     4602.5600000000         0.0076315235
     4613.1800000000         0.0076651713
     4623.8100000000         0.0075570731
     4634.4700000000         0.0075174202
     4645.1500000000         0.0075716688
     4655.8600000000         0.0076873535
     4666.5900000000         0.0078531988
     4677.3500000000         0.0078519676
     4688.1300000000         0.0077739330
     4698.9400000000         0.0076410896
     4709.7700000000         0.0074975695
     4720.6300000000         0.0076390961
     4731.5100000000         0.0077822991
     4742.4200000000         0.0079039373
     4753.3500000000         0.0079682255
     4764.3100000000         0.0079045584
     4775.2900000000         0.0078755906
     4786.3000000000         0.0078835692
     4797.3300000000         0.0078755440
     4808.3900000000         0.0078595057
     4819.4800000000         0.0079676937
     4830.5900000000         0.0080712782
     4841.7200000000         0.0077310172
     4852.8800000000         0.0073733525
     4864.0700000000         0.0069617010
     4875.2800000000         0.0070137638
     4886.5200000000         0.0075811497
     4897.7900000000         0.0077689271
     4909.0800000000         0.0077879569
     4920.3900000000         0.0077012377
     4931.7400000000         0.0076494627
     4943.1100000000         0.0078395428
     4954.5000000000         0.0079177758
     4965.9200000000         0.0078266896
     4977.3700000000         0.0075937700
     4988.8400000000         0.0072838687
     5000.3400000000         0.0070394534
     5011.8700000000         0.0068823551
     5023.4300000000         0.0071314704
     5035.0000000000         0.0072612101
     5046.6100000000         0.0072359699
     5058.2500000000         0.0073588500
     5069.9100000000         0.0075414586
     5081.5900000000         0.0072983005
     5093.3100000000         0.0071528591
     5105.0500000000         0.0072607906
     5116.8200000000         0.0072115879
     5128.6100000000         0.0070493896
     5140.4400000000         0.0068860599
     5152.2900000000         0.0066935918
     5164.1600000000         0.0063773296
     5176.0700000000         0.0062892931
     5188.0000000000         0.0064188815
     5199.9600000000         0.0067111850
     5211.9500000000         0.0070346533
     5223.9600000000         0.0073575634
     5236.0000000000         0.0076208860
     5248.0700000000         0.0078248344
     5260.1700000000         0.0073733977
     5272.3000000000         0.0070297332
     5284.4500000000         0.0076622488
     5296.6300000000         0.0081151612
     5308.8400000000         0.0084184529
     5321.0800000000         0.0078638429
     5333.3500000000         0.0075192638
     5345.6400000000         0.0079622483
     5357.9600000000         0.0080951210
     5370.3200000000         0.0080573149
     5382.7000000000         0.0079402784
     5395.1000000000         0.0078382185
     5407.5400000000         0.0077571226
     5420.0100000000         0.0078019053
     5432.5000000000         0.0078894645
     5445.0200000000         0.0080258735
     5457.5800000000         0.0080134226
     5470.1600000000         0.0079059433
     5482.7700000000         0.0079396358
     5495.4100000000         0.0079285577
     5508.0800000000         0.0078581702
     5520.7700000000         0.0080069397
     5533.5000000000         0.0081629148
     5546.2600000000         0.0082369642
     5559.0400000000         0.0081751840
     5571.8500000000         0.0080549484
     5584.7000000000         0.0079181343
     5597.5700000000         0.0079742754
     5610.4800000000         0.0081554856
     5623.4100000000         0.0081147812
     5636.3800000000         0.0081344368
     5649.3700000000         0.0082158810
     5662.3900000000         0.0080876602
     5675.4500000000         0.0080798911
     5688.5300000000         0.0082536461
     5701.6400000000         0.0081009055
     5714.7900000000         0.0081467545
     5727.9600000000         0.0086080665
     5741.1600000000         0.0084842881
     5754.4000000000         0.0083502997
     5767.6600000000         0.0084080119
     5780.9600000000         0.0082241399
     5794.2900000000         0.0081412438
     5807.6400000000         0.0083767902
     5821.0300000000         0.0085598826
     5834.4500000000         0.0086084008
     5847.9000000000         0.0084101707
     5861.3800000000         0.0083711576
     5874.8900000000         0.0081165256
     5888.4400000000         0.0074328487
     5902.0100000000         0.0078667710
     5915.6100000000         0.0082258452
     5929.2500000000         0.0082752239
     5942.9200000000         0.0082779322
     5956.6200000000         0.0083277524
     5970.3500000000         0.0084250094
     5984.1200000000         0.0083184047
     5997.9100000000         0.0082270158
     6011.7300000000         0.0081776790
     6025.6000000000         0.0083420379
     6039.4800000000         0.0084675569
     6053.4100000000         0.0085444665
     6067.3600000000         0.0085275928
     6081.3500000000         0.0083401287
     6095.3700000000         0.0082096774
     6109.4200000000         0.0082333963
     6123.5000000000         0.0079105003
     6137.6200000000         0.0078407368
     6151.7700000000         0.0079377117
     6165.9500000000         0.0076151569
     6180.1600000000         0.0077799703
     6194.4100000000         0.0080093872
     6208.6900000000         0.0079541840
     6223.0000000000         0.0077726981
     6237.3500000000         0.0075838082
     6251.7300000000         0.0074543776
     6266.1400000000         0.0077228253
     6280.5800000000         0.0078790244
     6295.0600000000         0.0078973435
     6309.5700000000         0.0077362121
     6324.1200000000         0.0078135636
     6338.6900000000         0.0078496700
     6353.3100000000         0.0078451606
     6367.9500000000         0.0078132898
     6382.6300000000         0.0079159960
     6397.3500000000         0.0079174517
     6412.0900000000         0.0078223525
     6426.8800000000         0.0078831101
     6441.6900000000         0.0078590512
     6456.5400000000         0.0078266878
     6471.4200000000         0.0078022643
     6486.3400000000         0.0076831728
     6501.3000000000         0.0078157103
     6516.2800000000         0.0079348739
     6531.3000000000         0.0079094367
     6546.3600000000         0.0077308780
     6561.4500000000         0.0074187471
     6576.5800000000         0.0074057463
     6591.7400000000         0.0077927252
     6606.9300000000         0.0078625595
     6622.1600000000         0.0078235064
     6637.4300000000         0.0077877189
     6652.7300000000         0.0077581452
     6668.0700000000         0.0076098726
     6683.4400000000         0.0076628835
     6698.8500000000         0.0075560403
     6714.2900000000         0.0074232998
     6729.7600000000         0.0075839986
     6745.2800000000         0.0074791689
     6760.8300000000         0.0074698534
     6776.4100000000         0.0074570510
     6792.0400000000         0.0073926453
     6807.6900000000         0.0074267192
     6823.3800000000         0.0074965642
     6839.1100000000         0.0074333870
     6854.8800000000         0.0073525161
     6870.6800000000         0.0074550225
     6886.5200000000         0.0075469948
     6902.4000000000         0.0075550904
     6918.3100000000         0.0075215674
     6934.2600000000         0.0074859317
     6950.2400000000         0.0074910261
     6966.2600000000         0.0075763320
     6982.3200000000         0.0075722388
     6998.4200000000         0.0075104893
     7014.5500000000         0.0074849157
     7030.7200000000         0.0076168510
     7046.9300000000         0.0076482133
     7063.1800000000         0.0074817925
     7079.4600000000         0.0072715064
     7095.7700000000         0.0070820972
     7112.1400000000         0.0069315815
     7128.5300000000         0.0068047792
     7144.9600000000         0.0067717335
     7161.4300000000         0.0068171052
     7177.9400000000         0.0067888973
     7194.4900000000         0.0067252265
     7211.0700000000         0.0068654269
     7227.7000000000         0.0070061632
     7244.3600000000         0.0070672799
     7261.0600000000         0.0071157343
     7277.8000000000         0.0071018757
     7294.5700000000         0.0070911408
     7311.3900000000         0.0072645042
     7328.2500000000         0.0072889538
     7345.1400000000         0.0073574497
     7362.0700000000         0.0075042648
     7379.0400000000         0.0075185075
     7396.0500000000         0.0074380222
     7413.1000000000         0.0074722529
     7430.1900000000         0.0076395697
     7447.3200000000         0.0076354365
     7464.4900000000         0.0077365115
     7481.6900000000         0.0077665183
     7498.9400000000         0.0078017153
     7516.2300000000         0.0078962240
     7533.5500000000         0.0080038290
     7550.9200000000         0.0080538718
     7568.3300000000         0.0080244308
     7585.7700000000         0.0078689009
     7603.2600000000         0.0077222232
     7620.7900000000         0.0075666625
     7638.3600000000         0.0074050976
     7655.9600000000         0.0071868612
     7673.6100000000         0.0069516520
     7691.3000000000         0.0070889001
     7709.0300000000         0.0069646146
     7726.8100000000         0.0069741281
     7744.6200000000         0.0069418196
     7762.4700000000         0.0069862409
     7780.3600000000         0.0070558800
     7798.3000000000         0.0070843860
     7816.2800000000         0.0070604691
     7834.2900000000         0.0069988365
     7852.3600000000         0.0069346246
     7870.4600000000         0.0070475088
     7888.6000000000         0.0069597629
     7906.7900000000         0.0068149371
     7925.0100000000         0.0068140691
     7943.2800000000         0.0067870975
     7961.5900000000         0.0069096792
     7979.9500000000         0.0070158760
     7998.3400000000         0.0070530777
     8016.7800000000         0.0071095871
     8035.2600000000         0.0071344711
     8053.7800000000         0.0071627097
     8072.3500000000         0.0072448300
     8090.9600000000         0.0071895411
     8109.6100000000         0.0072752000
     8128.3000000000         0.0074938824
     8147.0400000000         0.0076005016
     8165.8200000000         0.0076805470
     8184.6500000000         0.0075097452
     8203.5100000000         0.0073726689
     8222.4300000000         0.0073669245
     8241.3800000000         0.0073778424
     8260.3800000000         0.0074139144
     8279.4200000000         0.0074099493
     8298.5100000000         0.0072485427
     8317.6300000000         0.0070728837
     8336.8100000000         0.0070384070
     8356.0300000000         0.0070498493
     8375.2900000000         0.0070155589
     8394.6000000000         0.0068830689
     8413.9500000000         0.0069962121
     8433.3500000000         0.0066731744
     8452.7900000000         0.0065337177
     8472.2700000000         0.0065475567
     8491.8000000000         0.0065641254
     8511.3800000000         0.0063199978
     8531.0000000000         0.0065592970
     8550.6700000000         0.0060884040
     8570.3800000000         0.0068110726
     8590.1400000000         0.0067215231
     8609.9400000000         0.0068076914
     8629.7800000000         0.0069705863
     8649.6700000000         0.0069818702
     8669.6200000000         0.0062942537
     8689.6000000000         0.0068117562
     8709.6300000000         0.0070930249
     8729.7100000000         0.0071552633
     8749.8400000000         0.0070649767
     8770.0000000000         0.0072286539
     8790.2300000000         0.0073333527
     8810.4900000000         0.0071919537
     8830.8000000000         0.0072707897
     8851.1500000000         0.0072198370
     8871.5600000000         0.0069293980
     8892.0100000000         0.0070594787
     8912.5100000000         0.0071294024
     8933.0500000000         0.0070147561
     8953.6500000000         0.0070405263
     8974.2800000000         0.0070663118
     8994.9800000000         0.0070123533
     9015.7100000000         0.0069103995
     9036.4900000000         0.0072024111
     9057.3300000000         0.0073802955
     9078.2000000000         0.0073256856
     9099.1300000000         0.0072873803
     9120.1000000000         0.0074132816
     9141.1300000000         0.0074525368
     9162.2000000000         0.0074239192
     9183.3200000000         0.0074801021
     9204.5000000000         0.0072740070
     9225.7100000000         0.0070026014
     9246.9800000000         0.0069530169
     9268.3000000000         0.0070061316
     9289.6600000000         0.0069112061
     9311.0800000000         0.0069586430
     9332.5400000000         0.0069686668
     9354.0600000000         0.0069187502
     9375.6200000000         0.0068606166
     9397.2300000000         0.0069070417
     9418.9000000000         0.0069017126
     9440.6100000000         0.0069496837
     9462.3700000000         0.0070106462
     9484.1800000000         0.0070890384
     9506.0500000000         0.0069806464
     9527.9600000000         0.0069877729
     9549.9200000000         0.0068424055
     9571.9400000000         0.0069579333
     9594.0000000000         0.0070718783
     9616.1200000000         0.0070017078
     9638.2900000000         0.0069769653
     9660.5100000000         0.0068975440
     9682.7700000000         0.0069771595
     9705.1000000000         0.0069330134
     9727.4700000000         0.0068412772
     9749.8900000000         0.0068080961
     9772.3700000000         0.0068339845
     9794.9000000000         0.0067854067
     9817.4800000000         0.0068950150
     9840.1100000000         0.0068760281
     9862.7900000000         0.0068705995
     9885.5300000000         0.0068477266
     9908.3200000000         0.0067802132
     9931.1600000000         0.0068235965
     9954.0500000000         0.0068428023
     9977.0000000000         0.0068381708
    10000.0000000000         0.0068188417
    10000.0000000000         0.0068188417
    10115.8000000000         0.0067864587
    10232.9400000000         0.0067493529
    10351.4200000000         0.0066520073
    10471.2900000000         0.0065732738
    10592.5400000000         0.0063388199
    10715.2000000000         0.0062618149
    10839.2700000000         0.0061168596
    10964.7800000000         0.0060248207
    11091.7500000000         0.0058605415
    11220.1900000000         0.0058019827
    11350.1000000000         0.0056928131
    11481.5400000000         0.0056718527
    11614.4900000000         0.0055028428
    11748.9800000000         0.0054451320
    11885.0200000000         0.0052468660
    12022.6400000000         0.0052078939
    12161.8600000000         0.0051819156
    12302.6900000000         0.0050822850
    12445.1400000000         0.0049661868
    12589.2500000000         0.0048805377
    12735.0300000000         0.0048075272
    12882.5000000000         0.0047108522
    13031.6600000000         0.0046416628
    13182.5600000000         0.0045299511
    13335.2100000000         0.0044262437
    13489.6300000000         0.0043449420
    13645.8400000000         0.0042436188
    13803.8400000000         0.0042508179
    13963.6800000000         0.0039931154
    14125.3800000000         0.0039247554
    14288.9500000000         0.0038638744
    14454.3900000000         0.0038880419
    14621.7700000000         0.0038145448
    14791.0900000000         0.0037856947
    14962.3600000000         0.0038271807
    15135.6100000000         0.0038415021
    15310.8700000000         0.0038640033
    15488.1700000000         0.0038216554
    15667.5200000000         0.0037070645
    15848.9200000000         0.0035652681
    16032.4500000000         0.0036151910
    16218.1000000000         0.0036023280
    16405.9000000000         0.0035870315
    16595.8600000000         0.0035612236
    16788.0400000000         0.0034718281
    16982.4400000000         0.0034210698
    17179.0900000000         0.0032998479
    17378.0000000000         0.0031433119
    17579.2300000000         0.0030342990
    17782.7900000000         0.0028908032
    17988.7100000000         0.0027551029
    18197.0200000000         0.0026405514
    18407.7100000000         0.0025462282
    18620.8700000000         0.0024440789
    18836.4900000000         0.0023627391
    19054.6200000000         0.0023025181
    19275.2400000000         0.0022187443
    19498.4400000000         0.0021164904
    19724.2300000000         0.0020350998
    19952.6300000000         0.0019768449
    20183.6600000000         0.0019251537
    20417.3800000000         0.0018745612
    20653.8000000000         0.0018193938
    20892.9700000000         0.0017666898
    21134.8800000000         0.0017226731
    21379.6200000000         0.0016863759
    21627.1900000000         0.0016238388
    21877.6200000000         0.0015764905
    22130.9400000000         0.0015265972
    22387.2100000000         0.0014675646
    22646.4400000000         0.0014100650
    22908.6800000000         0.0012538810
    23173.9300000000         0.0011934169
    23442.2800000000         0.0010988388
    23713.7400000000         0.0010289113
    23988.3400000000         0.0009693778
    24266.1100000000         0.0009091219
    24547.0800000000         0.0008282394
    24831.3300000000         0.0007414591
    25118.8700000000         0.0007003419
    25409.7400000000         0.0006920309
    25703.9500000000         0.0006890811
    26001.5900000000         0.0006736540
    26302.6800000000         0.0006540123
    26607.2600000000         0.0006322708
    26915.3400000000         0.0006185058
    27227.0100000000         0.0006087687
    27542.2900000000         0.0005915849
    27861.2200000000         0.0005727729
    28183.8200000000         0.0005525231
    28510.1800000000         0.0005375849
    28840.3200000000         0.0005191530
    29174.2800000000         0.0005039279
    29512.0800000000         0.0004865864
    29853.8200000000         0.0004709831
    30199.5200000000         0.0004570434
    30549.2200000000         0.0004425627
    30902.9400000000         0.0004310615
    31260.7900000000         0.0004205463
    31622.7800000000         0.0004074074
    31988.9600000000         0.0003996661
    32359.3500000000         0.0003970666
    32734.0600000000         0.0003996054
    33113.1100000000         0.0003919459
    33496.5500000000         0.0003672211
    33884.4300000000         0.0003422479
    34276.7700000000         0.0003267921
    34673.6800000000         0.0003155119
    35075.2000000000         0.0003044090
    35481.3600000000         0.0002929723
    35892.1800000000         0.0002814571
    36307.8000000000         0.0002720771
    36728.2300000000         0.0002613145
    37153.5400000000         0.0002507251
    37583.7200000000         0.0002406173
    38018.9300000000         0.0002318890
    38459.1800000000         0.0002241253
    38904.5300000000         0.0002148814
    39354.9900000000         0.0002065431
    39810.7100000000         0.0001973866
    40271.7100000000         0.0001909170
    40738.0400000000         0.0001830857
    41209.7300000000         0.0001764285
    41686.9300000000         0.0001691323
    42169.6500000000         0.0001629629
    42657.9600000000         0.0001572595
    43151.8800000000         0.0001415619
    43651.5700000000         0.0001326851
    44157.0400000000         0.0001241099
    44668.3700000000         0.0001183585
    45185.6200000000         0.0001140388
    45708.8000000000         0.0001116854
    46238.1000000000         0.0001079389
    46773.5200000000         0.0001057110
    47315.1500000000         0.0001031915
    47862.9900000000         0.0001002536
    48417.2300000000         0.0000979594
    48977.8900000000         0.0000947848
    49545.0400000000         0.0000922089
    50118.7000000000         0.0000899990
    50699.0600000000         0.0000875719
    51286.1400000000         0.0000854740
    51880.0200000000         0.0000834288
    52480.7200000000         0.0000813584
    53088.4300000000         0.0000790938
    53703.1800000000         0.0000774122
    54325.0500000000         0.0000753360
    54954.0600000000         0.0000738422
    55590.4100000000         0.0000723339
    56234.1300000000         0.0000703080
    56885.3100000000         0.0000680092
    57543.9600000000         0.0000664965
    58210.3000000000         0.0000663822
    58884.3600000000         0.0000683159
    59566.2300000000         0.0000732920
    60255.9900000000         0.0000826523
    60953.6700000000         0.0000907546
    61659.5000000000         0.0001365860
    62373.5000000000         0.0001968016
    63095.7600000000         0.0001451451
    63826.3200000000         0.0001031042
    64565.4100000000         0.0000725933
    65313.0600000000         0.0000651423
    66069.3700000000         0.0000735902
    66834.3600000000         0.0000759037
    67608.2900000000         0.0000784529
    68391.1700000000         0.0000773292
    69183.1200000000         0.0000840750
    69984.1600000000         0.0001055764
    70794.5600000000         0.0000893432
    71614.3400000000         0.0000925960
    72443.6200000000         0.0000991067
    73282.4100000000         0.0001070229
    74131.0100000000         0.0001195219
    74989.4200000000         0.0001580260
    75857.7800000000         0.0001812409
    76736.1000000000         0.0002035046
    77624.6900000000         0.0001957445
    78523.5600000000         0.0001910109
    79432.8400000000         0.0001718596
    80352.6500000000         0.0001385933
    81283.0200000000         0.0001110505
    82224.2600000000         0.0000982129
    83176.3900000000         0.0000963898
    84139.5500000000         0.0000951595
    85113.7700000000         0.0000996339
    86099.3700000000         0.0001069742
    87096.3700000000         0.0000955313
    88104.9200000000         0.0000718745
    89125.0500000000         0.0000517209
    90157.1000000000         0.0000424515
    91201.0900000000         0.0000370718
    92257.1700000000         0.0000314750
    93325.3800000000         0.0000291534
    94406.0700000000         0.0000291506
    95499.2700000000         0.0000291920
    96605.1200000000         0.0000337560
    97723.6700000000         0.0000323339
    98855.2800000000         0.0000283310
   100000.0000000000         0.0000293397
   101157.9700000000         0.0000293069
   102329.2400000000         0.0000296311
   103514.1900000000         0.0000297396
   104712.8500000000         0.0000316400
   105925.4000000000         0.0000364168
   107151.9800000000         0.0000383330
   108392.6600000000         0.0000394108
   109647.8100000000         0.0000447964
   110917.5000000000         0.0000610653
   112201.9000000000         0.0001087082
   113501.0400000000         0.0001224961
   114815.3400000000         0.0000865719
   116144.8800000000         0.0000603531
   117489.8000000000         0.0000488618
   118850.1700000000         0.0000473332
   120226.4200000000         0.0000512103
   121618.6100000000         0.0000468437
   123026.9200000000         0.0000504944
   124451.4000000000         0.0000529683
   125892.5200000000         0.0000583627
   127350.3100000000         0.0000707437
   128824.9900000000         0.0000610616
   130316.6100000000         0.0000366408
   131825.6400000000         0.0000324431
   133352.1400000000         0.0000314002
   134896.3300000000         0.0000292791
   136458.2300000000         0.0000285575
   138038.3900000000         0.0000258137
   139636.8300000000         0.0000254755
   141253.7800000000         0.0000263084
   142889.4700000000         0.0000269107
   144543.9200000000         0.0000240231
   146217.7000000000         0.0000203496
   147910.8600000000         0.0000184161
   149623.6200000000         0.0000177834
   151356.0600000000         0.0000175297
   153108.7200000000         0.0000189239
   154881.6900000000         0.0000239568
   156675.1700000000         0.0000190226
   158489.2500000000         0.0000190174
   160324.5200000000         0.0000191923
   162181.0300000000         0.0000221466
   164059.0300000000         0.0000261816
   165958.6100000000         0.0000264997
   167880.3600000000         0.0000270625
   169824.3800000000         0.0000314951
   171790.8900000000         0.0000283675
   173779.9800000000         0.0000250343
   175792.3100000000         0.0000204267
   177827.9400000000         0.0000186384
   179887.1400000000         0.0000170505
   181969.9800000000         0.0000166562
   184077.1400000000         0.0000163356
   186208.7000000000         0.0000160217
   188364.9500000000         0.0000157142
   190545.9500000000         0.0000153785
   192752.4200000000         0.0000149476
   194984.4400000000         0.0000145275
   197242.3100000000         0.0000141178
   199526.3100000000         0.0000137183
