        1.0000000000         0.0000000000
      316.2300000000         0.0000000000
      316.9600000000         0.0000000000
      317.6900000000         0.0000000000
      318.4200000000         0.0000000000
      319.1500000000         0.0000000000
      319.8900000000         0.0000000000
      320.6300000000         0.0000000000
      321.3700000000         0.0000000000
      322.1100000000         0.0000000000
      322.8500000000         0.0000000000
      323.5900000000         0.0000000000
      324.3400000000         0.0000000000
      325.0900000000         0.0000000000
      325.8400000000         0.0000000000
      326.5900000000         0.0000000000
      327.3400000000         0.0000000000
      328.1000000000         0.0000000000
      328.8500000000         0.0000000000
      329.6100000000         0.0000000000
      330.3700000000         0.0000000000
      331.1300000000         0.0000000000
      331.8900000000         0.0000000000
      332.6600000000         0.0000000000
      333.4300000000         0.0000000000
      334.1900000000         0.0000000000
      334.9700000000         0.0000000000
      335.7400000000         0.0000000000
      336.5100000000         0.0000000000
      337.2900000000         0.0000000000
      338.0600000000         0.0000000000
      338.8400000000         0.0000000000
      339.6300000000         0.0000000000
      340.4100000000         0.0000000000
      341.1900000000         0.0000000000
      341.9800000000         0.0000000000
      342.7700000000         0.0000000000
      343.5600000000         0.0000000000
      344.3500000000         0.0000000000
      345.1400000000         0.0000000000
      345.9400000000         0.0000000000
      346.7400000000         0.0000000000
      347.5400000000         0.0000000000
      348.3400000000         0.0000000000
      349.1400000000         0.0000000000
      349.9500000000         0.0000000000
      350.7500000000         0.0000000000
      351.5600000000         0.0000000000
      352.3700000000         0.0000000000
      353.1800000000         0.0000000000
      354.0000000000         0.0000000000
      354.8100000000         0.0000000000
      355.6300000000         0.0000000000
      356.4500000000         0.0000000000
      357.2700000000         0.0000000000
      358.1000000000         0.0000000000
      358.9200000000         0.0000000000
      359.7500000000         0.0000000000
      360.5800000000         0.0000000000
      361.4100000000         0.0000000000
      362.2400000000         0.0000000000
      363.0800000000         0.0000000000
      363.9200000000         0.0000000000
      364.7500000000         0.0000000000
      365.5900000000         0.0000000000
      366.4400000000         0.0000000000
      367.2800000000         0.0000000000
      368.1300000000         0.0000000000
      368.9800000000         0.0000000000
      369.8300000000         0.0000000000
      370.6800000000         0.0000000000
      371.5400000000         0.0000000000
      372.3900000000         0.0000000000
      373.2500000000         0.0000000000
      374.1100000000         0.0000000000
      374.9700000000         0.0000000000
      375.8400000000         0.0000000000
      376.7000000000         0.0000000000
      377.5700000000         0.0000000000
      378.4400000000         0.0000000000
      379.3100000000         0.0000000000
      380.1900000000         0.0000000000
      381.0700000000         0.0000000000
      381.9400000000         0.0000000000
      382.8200000000         0.0000000000
      383.7100000000         0.0000000000
      384.5900000000         0.0000000000
      385.4800000000         0.0000000000
      386.3700000000         0.0000000000
      387.2600000000         0.0000000000
      388.1500000000         0.0000000000
      389.0500000000         0.0000000000
      389.9400000000         0.0000000000
      390.8400000000         0.0000000000
      391.7400000000         0.0000000000
      392.6500000000         0.0000000000
      393.5500000000         0.0000000000
      394.4600000000         0.0000000000
      395.3700000000         0.0000000000
      396.2800000000         0.0000000000
      397.1900000000         0.0000000000
      398.1100000000         0.0000000000
      399.0200000000         0.0000000000
      399.9400000000         0.0000000000
      400.8700000000         0.0000000000
      401.7900000000         0.0000000000
      402.7200000000         0.0000000000
      403.6500000000         0.0000000000
      404.5800000000         0.0000000000
      405.5100000000         0.0000000000
      406.4400000000         0.0000000000
      407.3800000000         0.0000000000
      408.3200000000         0.0000000000
      409.2600000000         0.0000000000
      410.2000000000         0.0000000000
      411.1500000000         0.0000000000
      412.1000000000         0.0000000000
      413.0500000000         0.0000000000
      414.0000000000         0.0000000000
      414.9500000000         0.0000000000
      415.9100000000         0.0000000000
      416.8700000000         0.0000000000
      417.8300000000         0.0000000000
      418.7900000000         0.0000000000
      419.7600000000         0.0000000000
      420.7300000000         0.0000000000
      421.7000000000         0.0000000000
      422.6700000000         0.0000000000
      423.6400000000         0.0000000000
      424.6200000000         0.0000000000
      425.6000000000         0.0000000000
      426.5800000000         0.0000000000
      427.5600000000         0.0000000000
      428.5500000000         0.0000000000
      429.5400000000         0.0000000000
      430.5300000000         0.0000000000
      431.5200000000         0.0000000000
      432.5100000000         0.0000000000
      433.5100000000         0.0000000000
      434.5100000000         0.0000000000
      435.5100000000         0.0000000000
      436.5200000000         0.0000000000
      437.5200000000         0.0000000000
      438.5300000000         0.0000000000
      439.5400000000         0.0000000000
      440.5500000000         0.0000000000
      441.5700000000         0.0000000000
      442.5900000000         0.0000000000
      443.6100000000         0.0000000000
      444.6300000000         0.0000000000
      445.6600000000         0.0000000000
      446.6800000000         0.0000000000
      447.7100000000         0.0000000000
      448.7500000000         0.0000000000
      449.7800000000         0.0000000000
      450.8200000000         0.0000000000
      451.8600000000         0.0000000000
      452.9000000000         0.0000000000
      453.9400000000         0.0000000000
      454.9900000000         0.0000000000
      456.0400000000         0.0000000000
      457.0900000000         0.0000000000
      458.1400000000         0.0000000000
      459.2000000000         0.0000000000
      460.2600000000         0.0000000000
      461.3200000000         0.0000000000
      462.3800000000         0.0000000000
      463.4500000000         0.0000000000
      464.5200000000         0.0000000000
      465.5900000000         0.0000000000
      466.6600000000         0.0000000000
      467.7400000000         0.0000000000
      468.8100000000         0.0000000000
      469.8900000000         0.0000000000
      470.9800000000         0.0000000000
      472.0600000000         0.0000000000
      473.1500000000         0.0000000000
      474.2400000000         0.0000000000
      475.3400000000         0.0000000000
      476.4300000000         0.0000000000
      477.5300000000         0.0000000000
      478.6300000000         0.0000000000
      479.7300000000         0.0000000000
      480.8400000000         0.0000000000
      481.9500000000         0.0000000000
      483.0600000000         0.0000000000
      484.1700000000         0.0000000000
      485.2900000000         0.0000000000
      486.4100000000         0.0000000000
      487.5300000000         0.0000000000
      488.6500000000         0.0000000000
      489.7800000000         0.0000000000
      490.9100000000         0.0000000000
      492.0400000000         0.0000000000
      493.1700000000         0.0000000000
      494.3100000000         0.0000000000
      495.4500000000         0.0000000000
      496.5900000000         0.0000000000
      497.7400000000         0.0000000000
      498.8800000000         0.0000000000
      500.0300000000         0.0000000000
      501.1900000000         0.0000000000
      502.3400000000         0.0000000000
      503.5000000000         0.0000000000
      504.6600000000         0.0000000000
      505.8200000000         0.0000000000
      506.9900000000         0.0000000000
      508.1600000000         0.0000000000
      509.3300000000         0.0000000000
      510.5000000000         0.0000000000
      511.6800000000         0.0000000000
      512.8600000000         0.0000000000
      514.0400000000         0.0000000000
      515.2300000000         0.0000000000
      516.4200000000         0.0000000000
      517.6100000000         0.0000000000
      518.8000000000         0.0000000000
      520.0000000000         0.0000000000
      521.1900000000         0.0000000000
      522.4000000000         0.0000000000
      523.6000000000         0.0000000000
      524.8100000000         0.0000000000
      526.0200000000         0.0000000000
      527.2300000000         0.0000000000
      528.4500000000         0.0000000000
      529.6600000000         0.0000000000
      530.8800000000         0.0000000000
      532.1100000000         0.0000000000
      533.3300000000         0.0000000000
      534.5600000000         0.0000000000
      535.8000000000         0.0000000000
      537.0300000000         0.0000000000
      538.2700000000         0.0000000000
      539.5100000000         0.0000000000
      540.7500000000         0.0000000000
      542.0000000000         0.0000000000
      543.2500000000         0.0000000000
      544.5000000000         0.0000000000
      545.7600000000         0.0000000000
      547.0200000000         0.0000000000
      548.2800000000         0.0000000000
      549.5400000000         0.0000000000
      550.8100000000         0.0000000000
      552.0800000000         0.0000000000
      553.3500000000         0.0000000000
      554.6300000000         0.0000000000
      555.9000000000         0.0000000000
      557.1900000000         0.0000000000
      558.4700000000         0.0000000000
      559.7600000000         0.0000000000
      561.0500000000         0.0000000000
      562.3400000000         0.0000000000
      563.6400000000         0.0000000000
      564.9400000000         0.0000000000
      566.2400000000         0.0000000000
      567.5400000000         0.0000000000
      568.8500000000         0.0000000000
      570.1600000000         0.0000000000
      571.4800000000         0.0000000000
      572.8000000000         0.0000000000
      574.1200000000         0.0000000000
      575.4400000000         0.0000000000
      576.7700000000         0.0000000000
      578.1000000000         0.0000000000
      579.4300000000         0.0000000000
      580.7600000000         0.0000000000
      582.1000000000         0.0000000000
      583.4500000000         0.0000000000
      584.7900000000         0.0000000000
      586.1400000000         0.0000000000
      587.4900000000         0.0000000000
      588.8400000000         0.0000000000
      590.2000000000         0.0000000000
      591.5600000000         0.0000000000
      592.9300000000         0.0000000000
      594.2900000000         0.0000000000
      595.6600000000         0.0000000000
      597.0400000000         0.0000000000
      598.4100000000         0.0000000000
      599.7900000000         0.0000000000
      601.1700000000         0.0000000000
      602.5600000000         0.0000000000
      603.9500000000         0.0000000000
      605.3400000000         0.0000000000
      606.7400000000         0.0000000000
      608.1300000000         0.0000000000
      609.5400000000         0.0000000000
      610.9400000000         0.0000000000
      612.3500000000         0.0000000000
      613.7600000000         0.0000000000
      615.1800000000         0.0000000000
      616.5900000000         0.0000000000
      618.0200000000         0.0000000000
      619.4400000000         0.0000000000
      620.8700000000         0.0000000000
      622.3000000000         0.0000000000
      623.7300000000         0.0000000000
      625.1700000000         0.0000000000
      626.6100000000         0.0000000000
      628.0600000000         0.0000000000
      629.5100000000         0.0000000000
      630.9600000000         0.0000000000
      632.4100000000         0.0000000000
      633.8700000000         0.0000000000
      635.3300000000         0.0000000000
      636.8000000000         0.0000000000
      638.2600000000         0.0000000000
      639.7300000000         0.0000000000
      641.2100000000         0.0000000000
      642.6900000000         0.0000000000
      644.1700000000         0.0000000000
      645.6500000000         0.0000000000
      647.1400000000         0.0000000000
      648.6300000000         0.0000000000
      650.1300000000         0.0000000000
      651.6300000000         0.0000000000
      653.1300000000         0.0000000000
      654.6400000000         0.0000000000
      656.1500000000         0.0000000000
      657.6600000000         0.0000000000
      659.1700000000         0.0000000000
      660.6900000000         0.0000000000
      662.2200000000         0.0000000000
      663.7400000000         0.0000000000
      665.2700000000         0.0000000000
      666.8100000000         0.0000000000
      668.3400000000         0.0000000000
      669.8800000000         0.0000000000
      671.4300000000         0.0000000000
      672.9800000000         0.0000000000
      674.5300000000         0.0000000000
      676.0800000000         0.0000000000
      677.6400000000         0.0000000000
      679.2000000000         0.0000000000
      680.7700000000         0.0000000000
      682.3400000000         0.0000000000
      683.9100000000         0.0000000000
      685.4900000000         0.0000000000
      687.0700000000         0.0000000000
      688.6500000000         0.0000000000
      690.2400000000         0.0000000000
      691.8300000000         0.0000000000
      693.4300000000         0.0000000000
      695.0200000000         0.0000000000
      696.6300000000         0.0000000000
      698.2300000000         0.0000000000
      699.8400000000         0.0000000000
      701.4600000000         0.0000000000
      703.0700000000         0.0000000000
      704.6900000000         0.0000000000
      706.3200000000         0.0000000000
      707.9500000000         0.0000000000
      709.5800000000         0.0000000000
      711.2100000000         0.0000000000
      712.8500000000         0.0000000000
      714.5000000000         0.0000000000
      716.1400000000         0.0000000000
      717.7900000000         0.0000000000
      719.4500000000         0.0000000000
      721.1100000000         0.0000000000
      722.7700000000         0.0000000000
      724.4400000000         0.0000000000
      726.1100000000         0.0000000000
      727.7800000000         0.0000000000
      729.4600000000         0.0000000000
      731.1400000000         0.0000000000
      732.8200000000         0.0000000000
      734.5100000000         0.0000000000
      736.2100000000         0.0000000000
      737.9000000000         0.0000000000
      739.6100000000         0.0000000000
      741.3100000000         0.0000000000
      743.0200000000         0.0000000000
      744.7300000000         0.0000000000
      746.4500000000         0.0000000000
      748.1700000000         0.0000000000
      749.8900000000         0.0000000000
      751.6200000000         0.0000000000
      753.3600000000         0.0000000000
      755.0900000000         0.0000000000
      756.8300000000         0.0000000000
      758.5800000000         0.0000000000
      760.3300000000         0.0000000000
      762.0800000000         0.0000000000
      763.8400000000         0.0000000000
      765.6000000000         0.0000000000
      767.3600000000         0.0000000000
      769.1300000000         0.0000000000
      770.9000000000         0.0000000000
      772.6800000000         0.0000000000
      774.4600000000         0.0000000000
      776.2500000000         0.0000000000
      778.0400000000         0.0000000000
      779.8300000000         0.0000000000
      781.6300000000         0.0000000000
      783.4300000000         0.0000000000
      785.2400000000         0.0000000000
      787.0500000000         0.0000000000
      788.8600000000         0.0000000000
      790.6800000000         0.0000000000
      792.5000000000         0.0000000000
      794.3300000000         0.0000000000
      796.1600000000         0.0000000000
      797.9900000000         0.0000000000
      799.8300000000         0.0000000000
      801.6800000000         0.0000000000
      803.5300000000         0.0000000000
      805.3800000000         0.0000000000
      807.2400000000         0.0000000000
      809.1000000000         0.0000000000
      810.9600000000         0.0000000000
      812.8300000000         0.0000000000
      814.7000000000         0.0000000000
      816.5800000000         0.0000000000
      818.4600000000         0.0000000000
      820.3500000000         0.0000000000
      822.2400000000         0.0000000000
      824.1400000000         0.0000000000
      826.0400000000         0.0000000000
      827.9400000000         0.0000000000
      829.8500000000         0.0000000000
      831.7600000000         0.0000000000
      833.6800000000         0.0000000000
      835.6000000000         0.0000000000
      837.5300000000         0.0000000000
      839.4600000000         0.0000000000
      841.4000000000         0.0000000000
      843.3300000000         0.0000000000
      845.2800000000         0.0000000000
      847.2300000000         0.0000000000
      849.1800000000         0.0000000000
      851.1400000000         0.0000000000
      853.1000000000         0.0000000000
      855.0700000000         0.0000000000
      857.0400000000         0.0000000000
      859.0100000000         0.0000000000
      860.9900000000         0.0000000000
      862.9800000000         0.0000000000
      864.9700000000         0.0000000000
      866.9600000000         0.0000000000
      868.9600000000         0.0000000000
      870.9600000000         0.0000000000
      872.9700000000         0.0000000000
      874.9800000000         0.0000000000
      877.0000000000         0.0000000000
      879.0200000000         0.0000000000
      881.0500000000         0.0000000000
      883.0800000000         0.0000000000
      885.1200000000         0.0000000000
      887.1600000000         0.0000000000
      889.2000000000         0.0000000000
      891.2500000000         0.0000000000
      893.3100000000         0.0000000000
      895.3600000000         0.0000000000
      897.4300000000         0.0000000000
      899.5000000000         0.0000000000
      901.5700000000         0.0000000000
      903.6500000000         0.0000000000
      905.7300000000         0.0000000000
      907.8200000000         0.0000000000
      909.9100000000         0.0000000000
      912.0100000000         0.0001149924
      914.1100000000         0.0002341255
      916.2200000000         0.0003524382
      918.3300000000         0.0004699579
      920.4500000000         0.0005866374
      922.5700000000         0.0007025076
      924.7000000000         0.0008176021
      926.8300000000         0.0009318651
      928.9700000000         0.0010453330
      931.1100000000         0.0011580102
      933.2500000000         0.0012699220
      935.4100000000         0.0013810274
      937.5600000000         0.0014913529
      939.7200000000         0.0016009266
      941.8900000000         0.0017097055
      944.0600000000         0.0018177180
      946.2400000000         0.0019249918
      948.4200000000         0.0020314828
      950.6000000000         0.0021372174
      952.8000000000         0.0022422033
      954.9900000000         0.0023464668
      957.1900000000         0.0024499642
      959.4000000000         0.0025527205
      961.6100000000         0.0026547699
      963.8300000000         0.0027560641
      966.0500000000         0.0028566306
      968.2800000000         0.0029564991
      970.5100000000         0.0030556244
      972.7500000000         0.0031540340
      974.9900000000         0.0032517584
      977.2400000000         0.0033487524
      979.4900000000         0.0034450439
      981.7500000000         0.0035406337
      984.0100000000         0.0036355520
      986.2800000000         0.0037297574
      988.5500000000         0.0038232736
      990.8300000000         0.0039161281
      993.1200000000         0.0040082787
      995.4100000000         0.0040997532
      997.7000000000         0.0041905772
     1000.0000000000         0.0042807087
     1002.3100000000         0.0043701748
     1004.6200000000         0.0044589806
     1006.9300000000         0.0044372221
     1009.2500000000         0.0043937447
     1011.5800000000         0.0043505211
     1013.9100000000         0.0043075369
     1016.2500000000         0.0039811754
     1018.5900000000         0.0034103028
     1020.9400000000         0.0028431844
     1023.2900000000         0.0022800819
     1025.6500000000         0.0019434647
     1028.0200000000         0.0021909899
     1030.3900000000         0.0024367287
     1032.7600000000         0.0026807534
     1035.1400000000         0.0029492050
     1037.5300000000         0.0036274339
     1039.9200000000         0.0043008146
     1042.3200000000         0.0049695102
     1044.7200000000         0.0056337086
     1047.1300000000         0.0056994734
     1049.5400000000         0.0056869048
     1051.9600000000         0.0056743599
     1054.3900000000         0.0056618447
     1056.8200000000         0.0054322425
     1059.2500000000         0.0051310943
     1061.7000000000         0.0048319045
     1064.1400000000         0.0045347707
     1066.6000000000         0.0045734588
     1069.0500000000         0.0047907452
     1071.5200000000         0.0050064484
     1073.9900000000         0.0052205985
     1076.4700000000         0.0051289699
     1078.9500000000         0.0048285462
     1081.4300000000         0.0045301369
     1083.9300000000         0.0042337333
     1086.4300000000         0.0043161744
     1088.9300000000         0.0046810675
     1091.4400000000         0.0050434130
     1093.9600000000         0.0054032719
     1096.4800000000         0.0055271103
     1099.0100000000         0.0054856190
     1101.5400000000         0.0054443474
     1104.0800000000         0.0054033087
     1106.6200000000         0.0053491085
     1109.1800000000         0.0052876254
     1111.7300000000         0.0052265278
     1114.2900000000         0.0051657925
     1116.8600000000         0.0050636260
     1119.4400000000         0.0049462891
     1122.0200000000         0.0048297378
     1124.6000000000         0.0047139372
     1127.2000000000         0.0049840780
     1129.8000000000         0.0053213607
     1132.4000000000         0.0056562647
     1135.0100000000         0.0059868265
     1137.6300000000         0.0058306926
     1140.2500000000         0.0056755743
     1142.8800000000         0.0055214674
     1145.5100000000         0.0054192808
     1148.1500000000         0.0055280365
     1150.8000000000         0.0056359861
     1153.4500000000         0.0057431571
     1156.1100000000         0.0058302768
     1158.7800000000         0.0058900579
     1161.4500000000         0.0059493780
     1164.1300000000         0.0060082148
     1166.8100000000         0.0057029426
     1169.5000000000         0.0052243168
     1172.2000000000         0.0047490560
     1174.9000000000         0.0042770356
     1177.6100000000         0.0046612853
     1180.3200000000         0.0050764657
     1183.0400000000         0.0054886378
     1185.7700000000         0.0056194179
     1188.5000000000         0.0050408822
     1191.2400000000         0.0044663940
     1193.9900000000         0.0038958322
     1196.7400000000         0.0035027657
     1199.5000000000         0.0032132538
     1202.2600000000         0.0029256886
     1205.0400000000         0.0026405968
     1207.8100000000         0.0023965037
     1210.6000000000         0.0021541130
     1213.3900000000         0.0019133744
     1216.1900000000         0.0020060826
     1218.9900000000         0.0025478115
     1221.8000000000         0.0030857860
     1224.6200000000         0.0036201628
     1227.4400000000         0.0042414060
     1230.2700000000         0.0048725540
     1233.1000000000         0.0054992945
     1235.9500000000         0.0059823757
     1238.8000000000         0.0061836424
     1241.6500000000         0.0063834614
     1244.5100000000         0.0065818876
     1247.3800000000         0.0065331361
     1250.2600000000         0.0064347377
     1253.1400000000         0.0063369200
     1256.0300000000         0.0061587077
     1258.9300000000         0.0058357595
     1261.8300000000         0.0055149016
     1264.7400000000         0.0051962710
     1267.6500000000         0.0056698103
     1270.5700000000         0.0062184311
     1273.5000000000         0.0067633181
     1276.4400000000         0.0070994021
     1279.3800000000         0.0072204680
     1282.3300000000         0.0073406468
     1285.2900000000         0.0073990575
     1288.2500000000         0.0068917098
     1291.2200000000         0.0063876566
     1294.2000000000         0.0058871312
     1297.1800000000         0.0057108975
     1300.1700000000         0.0056539848
     1303.1700000000         0.0055973898
     1306.1700000000         0.0057527814
     1309.1800000000         0.0062377178
     1312.2000000000         0.0067193508
     1315.2200000000         0.0071552778
     1318.2600000000         0.0070632668
     1321.3000000000         0.0069717900
     1324.3400000000         0.0068808924
     1327.3900000000         0.0066299494
     1330.4500000000         0.0063365279
     1333.5200000000         0.0060451138
     1336.6000000000         0.0061254860
     1339.6800000000         0.0065472033
     1342.7700000000         0.0069660447
     1345.8600000000         0.0072417529
     1348.9600000000         0.0071523520
     1352.0700000000         0.0070634698
     1355.1900000000         0.0069641024
     1358.3100000000         0.0066949842
     1361.4400000000         0.0064275838
     1364.5800000000         0.0061620101
     1367.7300000000         0.0062376964
     1370.8800000000         0.0063645449
     1374.0400000000         0.0064904853
     1377.2100000000         0.0065439981
     1380.3800000000         0.0065661585
     1383.5700000000         0.0065881023
     1386.7600000000         0.0064688097
     1389.9500000000         0.0062354091
     1393.1600000000         0.0060034906
     1396.3700000000         0.0058964933
     1399.5900000000         0.0059559084
     1402.8100000000         0.0060148663
     1406.0500000000         0.0060491567
     1409.2900000000         0.0060327961
     1412.5400000000         0.0060164835
     1415.7900000000         0.0060214140
     1419.0600000000         0.0060918438
     1422.3300000000         0.0061617233
     1425.6100000000         0.0062102145
     1428.8900000000         0.0061668288
     1432.1900000000         0.0061236774
     1435.4900000000         0.0061139045
     1438.8000000000         0.0062941075
     1442.1200000000         0.0064701494
     1445.4400000000         0.0065657781
     1448.7700000000         0.0065592369
     1452.1100000000         0.0064635146
     1455.4600000000         0.0063557979
     1458.8100000000         0.0061695958
     1462.1800000000         0.0059846528
     1465.5500000000         0.0058271610
     1468.9300000000         0.0058057052
     1472.3100000000         0.0057843393
     1475.7100000000         0.0057767397
     1479.1100000000         0.0058210706
     1482.5200000000         0.0058650440
     1485.9400000000         0.0059087193
     1489.3600000000         0.0059522269
     1492.7900000000         0.0059953849
     1496.2400000000         0.0059805773
     1499.6800000000         0.0058632311
     1503.1400000000         0.0057466072
     1506.6100000000         0.0055274442
     1510.0800000000         0.0051905569
     1513.5600000000         0.0051321224
     1517.0500000000         0.0054071574
     1520.5500000000         0.0052890023
     1524.0500000000         0.0051716059
     1527.5700000000         0.0049581425
     1531.0900000000         0.0047104936
     1534.6200000000         0.0044644959
     1538.1500000000         0.0046209269
     1541.7000000000         0.0048247902
     1545.2500000000         0.0050040167
     1548.8200000000         0.0048814919
     1552.3900000000         0.0047597853
     1555.9700000000         0.0046712267
     1559.5500000000         0.0046706144
     1563.1500000000         0.0046699587
     1566.7500000000         0.0047195498
     1570.3600000000         0.0048218351
     1573.9800000000         0.0049233879
     1577.6100000000         0.0050222059
     1581.2500000000         0.0051195272
     1584.8900000000         0.0052161478
     1588.5500000000         0.0052580400
     1592.2100000000         0.0052979696
     1595.8800000000         0.0053143478
     1599.5600000000         0.0052569997
     1603.2500000000         0.0051999907
     1606.9400000000         0.0051754578
     1610.6500000000         0.0051800334
     1614.3600000000         0.0051845224
     1618.0800000000         0.0050765784
     1621.8100000000         0.0049459422
     1625.5500000000         0.0048522428
     1629.3000000000         0.0049683433
     1633.0500000000         0.0050836159
     1636.8200000000         0.0051559824
     1640.5900000000         0.0051828227
     1644.3700000000         0.0052094231
     1648.1600000000         0.0050572748
     1651.9600000000         0.0048707528
     1655.7700000000         0.0047602886
     1659.5900000000         0.0049453946
     1663.4100000000         0.0051291278
     1667.2500000000         0.0049880040
     1671.0900000000         0.0046196459
     1674.9400000000         0.0049047126
     1678.8000000000         0.0052264831
     1682.6700000000         0.0053617358
     1686.5500000000         0.0053832391
     1690.4400000000         0.0052359882
     1694.3400000000         0.0050896984
     1698.2400000000         0.0049817022
     1702.1600000000         0.0048820400
     1706.0800000000         0.0047780033
     1710.0200000000         0.0046614795
     1713.9600000000         0.0045457394
     1717.9100000000         0.0045004706
     1721.8700000000         0.0044804090
     1725.8400000000         0.0044884714
     1729.8200000000         0.0046009365
     1733.8000000000         0.0047125784
     1737.8000000000         0.0047050179
     1741.8100000000         0.0046469998
     1745.8200000000         0.0046280865
     1749.8500000000         0.0047595529
     1753.8800000000         0.0048900372
     1757.9200000000         0.0047734003
     1761.9800000000         0.0045633907
     1766.0400000000         0.0044219620
     1770.1100000000         0.0044766394
     1774.1900000000         0.0045308946
     1778.2800000000         0.0045570182
     1782.3800000000         0.0045760688
     1786.4900000000         0.0046353666
     1790.6100000000         0.0047653532
     1794.7300000000         0.0048943604
     1798.8700000000         0.0048680441
     1803.0200000000         0.0048312373
     1807.1700000000         0.0047254525
     1811.3400000000         0.0045574014
     1815.5200000000         0.0044136345
     1819.7000000000         0.0044350764
     1823.9000000000         0.0044563236
     1828.1000000000         0.0043923561
     1832.3100000000         0.0042985319
     1836.5400000000         0.0041794768
     1840.7700000000         0.0040161619
     1845.0200000000         0.0038544578
     1849.2700000000         0.0038466426
     1853.5300000000         0.0038388409
     1857.8000000000         0.0038646280
     1862.0900000000         0.0039077308
     1866.3800000000         0.0039829263
     1870.6800000000         0.0041258973
     1874.9900000000         0.0042678760
     1879.3200000000         0.0041095731
     1883.6500000000         0.0039519388
     1887.9900000000         0.0038511024
     1892.3400000000         0.0037760893
     1896.7100000000         0.0037611858
     1901.0800000000         0.0038390432
     1905.4600000000         0.0039009170
     1909.8500000000         0.0038316043
     1914.2600000000         0.0037627111
     1918.6700000000         0.0037217354
     1923.0900000000         0.0036865573
     1927.5200000000         0.0036868749
     1931.9700000000         0.0037137801
     1936.4200000000         0.0037534428
     1940.8900000000         0.0038204212
     1945.3600000000         0.0038721822
     1949.8400000000         0.0037556712
     1954.3400000000         0.0036399243
     1958.8400000000         0.0037289842
     1963.3600000000         0.0038523637
     1967.8900000000         0.0039590951
     1972.4200000000         0.0040004561
     1976.9700000000         0.0040035350
     1981.5300000000         0.0038668055
     1986.0900000000         0.0037663758
     1990.6700000000         0.0037082883
     1995.2600000000         0.0036560923
     1999.8600000000         0.0036950645
     2004.4700000000         0.0037337379
     2009.0900000000         0.0036689115
     2013.7200000000         0.0035912169
     2018.3700000000         0.0036246148
     2023.0200000000         0.0036996033
     2027.6800000000         0.0036758017
     2032.3600000000         0.0035797628
     2037.0400000000         0.0035540829
     2041.7400000000         0.0036186259
     2046.4400000000         0.0036367802
     2051.1600000000         0.0035512722
     2055.8900000000         0.0034813005
     2060.6300000000         0.0034761184
     2065.3800000000         0.0034811900
     2070.1400000000         0.0036037394
     2074.9100000000         0.0036673641
     2079.7000000000         0.0035795842
     2084.4900000000         0.0036626861
     2089.3000000000         0.0035757674
     2094.1100000000         0.0034693854
     2098.9400000000         0.0034455729
     2103.7800000000         0.0034403084
     2108.6300000000         0.0034463773
     2113.4900000000         0.0034561779
     2118.3600000000         0.0034702255
     2123.2400000000         0.0034860917
     2128.1400000000         0.0033980433
     2133.0400000000         0.0032525966
     2137.9600000000         0.0032276066
     2142.8900000000         0.0032814294
     2147.8300000000         0.0033347281
     2152.7800000000         0.0033875159
     2157.7400000000         0.0033721894
     2162.7200000000         0.0033022859
     2167.7000000000         0.0032570411
     2172.7000000000         0.0032324351
     2177.7100000000         0.0032064018
     2182.7300000000         0.0031791991
     2187.7600000000         0.0032069702
     2192.8000000000         0.0032794825
     2197.8600000000         0.0032762100
     2202.9300000000         0.0032152836
     2208.0000000000         0.0031323002
     2213.0900000000         0.0030343812
     2218.2000000000         0.0029657925
     2223.3100000000         0.0029146895
     2228.4400000000         0.0029810376
     2233.5700000000         0.0031043894
     2238.7200000000         0.0030784272
     2243.8800000000         0.0029957769
     2249.0500000000         0.0029209291
     2254.2400000000         0.0028485912
     2259.4400000000         0.0028675247
     2264.6400000000         0.0029018552
     2269.8600000000         0.0029504369
     2275.1000000000         0.0029998175
     2280.3400000000         0.0030544042
     2285.6000000000         0.0030917064
     2290.8700000000         0.0029978154
     2296.1500000000         0.0029246649
     2301.4400000000         0.0029242767
     2306.7500000000         0.0028978556
     2312.0600000000         0.0028187393
     2317.3900000000         0.0026258077
     2322.7400000000         0.0022944345
     2328.0900000000         0.0022810916
     2333.4600000000         0.0024985943
     2338.8400000000         0.0025210313
     2344.2300000000         0.0024657159
     2349.6300000000         0.0025739688
     2355.0500000000         0.0027060437
     2360.4800000000         0.0025643227
     2365.9200000000         0.0024562078
     2371.3700000000         0.0025091711
     2376.8400000000         0.0025046868
     2382.3200000000         0.0023880398
     2387.8100000000         0.0023832747
     2393.3200000000         0.0024842496
     2398.8300000000         0.0024724263
     2404.3600000000         0.0024114929
     2409.9100000000         0.0024389231
     2415.4600000000         0.0024830415
     2421.0300000000         0.0025876649
     2426.6100000000         0.0026442350
     2432.2000000000         0.0025839126
     2437.8100000000         0.0026031141
     2443.4300000000         0.0027007468
     2449.0600000000         0.0027103387
     2454.7100000000         0.0026861862
     2460.3700000000         0.0026703258
     2466.0400000000         0.0026461361
     2471.7200000000         0.0025826953
     2477.4200000000         0.0025602460
     2483.1300000000         0.0025927061
     2488.8600000000         0.0025567843
     2494.5900000000         0.0024881756
     2500.3500000000         0.0026395803
     2506.1100000000         0.0027262252
     2511.8900000000         0.0024759874
     2517.6800000000         0.0024806268
     2523.4800000000         0.0023930320
     2529.3000000000         0.0023907130
     2535.1300000000         0.0024202392
     2540.9700000000         0.0023968690
     2546.8300000000         0.0024219181
     2552.7000000000         0.0025528083
     2558.5900000000         0.0025692952
     2564.4800000000         0.0025130250
     2570.3900000000         0.0026014773
     2576.3200000000         0.0026744835
     2582.2600000000         0.0026474241
     2588.2100000000         0.0026198409
     2594.1800000000         0.0025918321
     2600.1600000000         0.0025313916
     2606.1500000000         0.0024738123
     2612.1600000000         0.0024486138
     2618.1800000000         0.0024809595
     2624.2200000000         0.0025641199
     2630.2700000000         0.0026486369
     2636.3300000000         0.0027518671
     2642.4100000000         0.0029217792
     2648.5000000000         0.0030411603
     2654.6100000000         0.0031232659
     2660.7200000000         0.0029076920
     2666.8600000000         0.0027719357
     2673.0100000000         0.0028638574
     2679.1700000000         0.0029028906
     2685.3400000000         0.0029091514
     2691.5300000000         0.0027873451
     2697.7400000000         0.0027530354
     2703.9600000000         0.0028283843
     2710.1900000000         0.0027337219
     2716.4400000000         0.0026289807
     2722.7000000000         0.0026025393
     2728.9800000000         0.0026596941
     2735.2700000000         0.0027485199
     2741.5700000000         0.0024781420
     2747.8900000000         0.0023560440
     2754.2300000000         0.0024077604
     2760.5800000000         0.0024862485
     2766.9400000000         0.0025669348
     2773.3200000000         0.0026448509
     2779.7100000000         0.0025672279
     2786.1200000000         0.0023987007
     2792.5400000000         0.0020605151
     2798.9800000000         0.0019934149
     2805.4300000000         0.0021087746
     2811.9000000000         0.0024519968
     2818.3800000000         0.0026813305
     2824.8800000000         0.0028070344
     2831.3900000000         0.0027341887
     2837.9200000000         0.0026521024
     2844.4600000000         0.0025631213
     2851.0200000000         0.0024652323
     2857.5900000000         0.0024969559
     2864.1800000000         0.0027276496
     2870.7800000000         0.0028005389
     2877.4000000000         0.0028228953
     2884.0300000000         0.0027961654
     2890.6800000000         0.0028179176
     2897.3400000000         0.0028894967
     2904.0200000000         0.0030374429
     2910.7200000000         0.0031623146
     2917.4300000000         0.0031028432
     2924.1500000000         0.0030437484
     2930.8900000000         0.0029892118
     2937.6500000000         0.0029624437
     2944.4200000000         0.0029358284
     2951.2100000000         0.0029173056
     2958.0100000000         0.0029354526
     2964.8300000000         0.0029534434
     2971.6700000000         0.0029672931
     2978.5200000000         0.0029686622
     2985.3800000000         0.0029699914
     2992.2600000000         0.0029744150
     2999.1600000000         0.0029851603
     3006.0800000000         0.0029957967
     3013.0100000000         0.0030041619
     3019.9500000000         0.0030096143
     3026.9100000000         0.0030149969
     3033.8900000000         0.0030189252
     3040.8900000000         0.0030216989
     3047.8900000000         0.0030244207
     3054.9200000000         0.0030361037
     3061.9600000000         0.0030515208
     3069.0200000000         0.0030668036
     3076.1000000000         0.0030683072
     3083.1900000000         0.0030675854
     3090.3000000000         0.0030677854
     3097.4200000000         0.0030897905
     3104.5600000000         0.0031116104
     3111.7200000000         0.0031211774
     3118.8900000000         0.0030924622
     3126.0800000000         0.0030639123
     3133.2800000000         0.0030489878
     3140.5100000000         0.0030501683
     3147.7500000000         0.0030513087
     3155.0000000000         0.0030645826
     3162.2800000000         0.0030832046
     3169.5700000000         0.0031016618
     3176.8700000000         0.0030309048
     3184.2000000000         0.0029549864
     3191.5400000000         0.0029057409
     3198.8900000000         0.0029553047
     3206.2700000000         0.0030045069
     3213.6600000000         0.0029921578
     3221.0700000000         0.0029176644
     3228.4900000000         0.0028436524
     3235.9400000000         0.0029241522
     3243.4000000000         0.0030430565
     3250.8700000000         0.0031555076
     3258.3700000000         0.0032248129
     3265.8800000000         0.0032935897
     3273.4100000000         0.0033240663
     3280.9500000000         0.0033086624
     3288.5200000000         0.0032933324
     3296.1000000000         0.0032720137
     3303.6900000000         0.0032493346
     3311.3100000000         0.0032303894
     3318.9400000000         0.0032288982
     3326.5900000000         0.0032273831
     3334.2600000000         0.0032126126
     3341.9500000000         0.0031873721
     3349.6500000000         0.0031622725
     3357.3800000000         0.0030534633
     3365.1200000000         0.0029414634
     3372.8700000000         0.0028855321
     3380.6500000000         0.0029238488
     3388.4400000000         0.0029618619
     3396.2500000000         0.0029769226
     3404.0800000000         0.0029862120
     3411.9300000000         0.0029956833
     3419.7900000000         0.0030058974
     3427.6800000000         0.0030160102
     3435.5800000000         0.0030324305
     3443.5000000000         0.0030513636
     3451.4400000000         0.0030677214
     3459.3900000000         0.0030730395
     3467.3700000000         0.0030782870
     3475.3600000000         0.0031129427
     3483.3700000000         0.0031617626
     3491.4000000000         0.0032081869
     3499.4500000000         0.0032446282
     3507.5200000000         0.0032807847
     3515.6000000000         0.0032475868
     3523.7100000000         0.0031840689
     3531.8300000000         0.0031540217
     3539.9700000000         0.0032375597
     3548.1300000000         0.0033204688
     3556.3100000000         0.0031854019
     3564.5100000000         0.0029870598
     3572.7300000000         0.0028538385
     3580.9600000000         0.0028494371
     3589.2200000000         0.0028450363
     3597.4900000000         0.0029361602
     3605.7900000000         0.0030365472
     3614.1000000000         0.0031006399
     3622.4300000000         0.0031277647
     3630.7800000000         0.0031558711
     3639.1500000000         0.0031954520
     3647.5400000000         0.0033702259
     3655.9500000000         0.0034349982
     3664.3700000000         0.0034481280
     3672.8200000000         0.0034160635
     3681.2900000000         0.0032945150
     3689.7800000000         0.0031737955
     3698.2800000000         0.0032665103
     3706.8100000000         0.0033643346
     3715.3500000000         0.0032773411
     3723.9200000000         0.0030813515
     3732.5000000000         0.0030068283
     3741.1100000000         0.0032243931
     3749.7300000000         0.0034404243
     3758.3700000000         0.0036167963
     3767.0400000000         0.0037907299
     3775.7200000000         0.0039674509
     3784.4200000000         0.0041450229
     3793.1500000000         0.0042974846
     3801.8900000000         0.0044066370
     3810.6600000000         0.0044688140
     3819.4400000000         0.0039618895
     3828.2500000000         0.0034585367
     3837.0700000000         0.0037326755
     3845.9200000000         0.0041964720
     3854.7800000000         0.0044716918
     3863.6700000000         0.0045872773
     3872.5700000000         0.0045506456
     3881.5000000000         0.0041427822
     3890.4500000000         0.0037901048
     3899.4200000000         0.0044238954
     3908.4100000000         0.0050534173
     3917.4200000000         0.0046648020
     3926.4500000000         0.0040619285
     3935.5000000000         0.0040800981
     3944.5700000000         0.0044955350
     3953.6700000000         0.0044343253
     3962.7800000000         0.0036735409
     3971.9200000000         0.0033134553
     3981.0700000000         0.0044439891
     3990.2500000000         0.0055426406
     3999.4500000000         0.0057675722
     4008.6700000000         0.0059908410
     4017.9100000000         0.0060048541
     4027.1700000000         0.0059837606
     4036.4500000000         0.0059406781
     4045.7600000000         0.0058881706
     4055.0900000000         0.0057985429
     4064.4300000000         0.0056783645
     4073.8000000000         0.0056107841
     4083.1900000000         0.0056193280
     4092.6100000000         0.0055334116
     4102.0400000000         0.0052022613
     4111.5000000000         0.0049865032
     4120.9800000000         0.0053732260
     4130.4700000000         0.0057402030
     4140.0000000000         0.0057829642
     4149.5400000000         0.0058253799
     4159.1100000000         0.0058314083
     4168.6900000000         0.0058355215
     4178.3000000000         0.0058089686
     4187.9400000000         0.0057777264
     4197.5900000000         0.0057798391
     4207.2600000000         0.0057908846
     4216.9600000000         0.0057307924
     4226.6900000000         0.0056432476
     4236.4300000000         0.0056612976
     4246.2000000000         0.0057332194
     4255.9800000000         0.0056859646
     4265.7900000000         0.0055637378
     4275.6300000000         0.0054661497
     4285.4800000000         0.0053869495
     4295.3600000000         0.0052203052
     4305.2600000000         0.0049808905
     4315.1900000000         0.0049777515
     4325.1400000000         0.0051882323
     4335.1100000000         0.0052078851
     4345.1000000000         0.0050474941
     4355.1200000000         0.0052416748
     4365.1600000000         0.0057719159
     4375.2200000000         0.0059335753
     4385.3100000000         0.0057562855
     4395.4200000000         0.0057194107
     4405.5500000000         0.0058031436
     4415.7000000000         0.0058933408
     4425.8800000000         0.0059883553
     4436.0800000000         0.0060394895
     4446.3100000000         0.0060610743
     4456.5600000000         0.0061321855
     4466.8300000000         0.0062306356
     4477.1300000000         0.0062812245
     4487.4500000000         0.0063105230
     4497.8000000000         0.0065382044
     4508.1700000000         0.0068289773
     4518.5600000000         0.0066134729
     4528.9700000000         0.0062915976
     4539.4100000000         0.0063218330
     4549.8800000000         0.0063898345
     4560.3700000000         0.0065783467
     4570.8800000000         0.0067379251
     4581.4200000000         0.0065801418
     4591.9800000000         0.0064647631
     4602.5600000000         0.0065289582
     4613.1800000000         0.0065466682
     4623.8100000000         0.0064568031
     4634.4700000000         0.0064206258
     4645.1500000000         0.0064580953
     4655.8600000000         0.0065240576
     4666.5900000000         0.0066132583
     4677.3500000000         0.0065937741
     4688.1300000000         0.0065243854
     4698.9400000000         0.0064166710
     4709.7700000000         0.0063015595
     4720.6300000000         0.0064119729
     4731.5100000000         0.0065201470
     4742.4200000000         0.0065892176
     4753.3500000000         0.0066253683
     4764.3100000000         0.0065880935
     4775.2900000000         0.0065634670
     4786.3000000000         0.0065523018
     4797.3300000000         0.0065259757
     4808.3900000000         0.0064921356
     4819.4800000000         0.0065274420
     4830.5900000000         0.0065528546
     4841.7200000000         0.0061985510
     4852.8800000000         0.0058398121
     4864.0700000000         0.0054639331
     4875.2800000000         0.0055384194
     4886.5200000000         0.0061134156
     4897.7900000000         0.0063127815
     4909.0800000000         0.0063451268
     4920.3900000000         0.0062863803
     4931.7400000000         0.0062501011
     4943.1100000000         0.0063804830
     4954.5000000000         0.0064379075
     4965.9200000000         0.0063849152
     4977.3700000000         0.0062288968
     4988.8400000000         0.0060169115
     5000.3400000000         0.0058465651
     5011.8700000000         0.0057346476
     5023.4300000000         0.0058956654
     5035.0000000000         0.0059744925
     5046.6100000000         0.0059465915
     5058.2500000000         0.0060264785
     5069.9100000000         0.0061498666
     5081.5900000000         0.0059875119
     5093.3100000000         0.0058869948
     5105.0500000000         0.0059470907
     5116.8200000000         0.0059067938
     5128.6100000000         0.0057943156
     5140.4400000000         0.0056836493
     5152.2900000000         0.0055583329
     5164.1600000000         0.0053689796
     5176.0700000000         0.0053121406
     5188.0000000000         0.0053816638
     5199.9600000000         0.0055410638
     5211.9500000000         0.0057164850
     5223.9600000000         0.0058854944
     5236.0000000000         0.0060289763
     5248.0700000000         0.0061470252
     5260.1700000000         0.0058551687
     5272.3000000000         0.0056308201
     5284.4500000000         0.0060173273
     5296.6300000000         0.0062833107
     5308.8400000000         0.0064489525
     5321.0800000000         0.0061070495
     5333.3500000000         0.0058961669
     5345.6400000000         0.0061690337
     5357.9600000000         0.0062481011
     5370.3200000000         0.0062203687
     5382.7000000000         0.0061377380
     5395.1000000000         0.0060633174
     5407.5400000000         0.0060003405
     5420.0100000000         0.0060251090
     5432.5000000000         0.0060806060
     5445.0200000000         0.0061737001
     5457.5800000000         0.0061578499
     5470.1600000000         0.0060724472
     5482.7700000000         0.0060886494
     5495.4100000000         0.0060778223
     5508.0800000000         0.0060311854
     5520.7700000000         0.0061069806
     5533.5000000000         0.0061884555
     5546.2600000000         0.0062284647
     5559.0400000000         0.0061843996
     5571.8500000000         0.0061049694
     5584.7000000000         0.0060200267
     5597.5700000000         0.0060514505
     5610.4800000000         0.0061579817
     5623.4100000000         0.0061224164
     5636.3800000000         0.0061226580
     5649.3700000000         0.0061595496
     5662.3900000000         0.0060711112
     5675.4500000000         0.0060594925
     5688.5300000000         0.0061630383
     5701.6400000000         0.0060655097
     5714.7900000000         0.0060890391
     5727.9600000000         0.0063662715
     5741.1600000000         0.0062797242
     5754.4000000000         0.0061895368
     5767.6600000000         0.0062239151
     5780.9600000000         0.0061075152
     5794.2900000000         0.0060518309
     5807.6400000000         0.0061900672
     5821.0300000000         0.0062950747
     5834.4500000000         0.0063188937
     5847.9000000000         0.0061945096
     5861.3800000000         0.0061658695
     5874.8900000000         0.0060187578
     5888.4400000000         0.0056332392
     5902.0100000000         0.0058719297
     5915.6100000000         0.0060661235
     5929.2500000000         0.0060835322
     5942.9200000000         0.0060772216
     5956.6200000000         0.0061014788
     5970.3500000000         0.0061561749
     5984.1200000000         0.0060808831
     5997.9100000000         0.0060167066
     6011.7300000000         0.0059792665
     6025.6000000000         0.0060702772
     6039.4800000000         0.0061414912
     6053.4100000000         0.0061842715
     6067.3600000000         0.0061680558
     6081.3500000000         0.0060458803
     6095.3700000000         0.0059588151
     6109.4200000000         0.0059670145
     6123.5000000000         0.0057675960
     6137.6200000000         0.0057170559
     6151.7700000000         0.0057671783
     6165.9500000000         0.0055877157
     6180.1600000000         0.0056897751
     6194.4100000000         0.0058247009
     6208.6900000000         0.0057853507
     6223.0000000000         0.0056699202
     6237.3500000000         0.0055439412
     6251.7300000000         0.0054514967
     6266.1400000000         0.0056240913
     6280.5800000000         0.0057149515
     6295.0600000000         0.0057165204
     6309.5700000000         0.0056079421
     6324.1200000000         0.0056526158
     6338.6900000000         0.0056675375
     6353.3100000000         0.0056558452
     6367.9500000000         0.0056322571
     6382.6300000000         0.0056913290
     6397.3500000000         0.0056854673
     6412.0900000000         0.0056185760
     6426.8800000000         0.0056534791
     6441.6900000000         0.0056332918
     6456.5400000000         0.0056100856
     6471.4200000000         0.0055940663
     6486.3400000000         0.0055074650
     6501.3000000000         0.0055785780
     6516.2800000000         0.0056397943
     6531.3000000000         0.0056048906
     6546.3600000000         0.0054383213
     6561.4500000000         0.0051584775
     6576.5800000000         0.0051532895
     6591.7400000000         0.0055108154
     6606.9300000000         0.0055716652
     6622.1600000000         0.0055556204
     6637.4300000000         0.0055361963
     6652.7300000000         0.0055171466
     6668.0700000000         0.0054232054
     6683.4400000000         0.0054608602
     6698.8500000000         0.0053973119
     6714.2900000000         0.0053144149
     6729.7600000000         0.0054107951
     6745.2800000000         0.0053406265
     6760.8300000000         0.0053316709
     6776.4100000000         0.0053209411
     6792.0400000000         0.0052772500
     6807.6900000000         0.0052928203
     6823.3800000000         0.0053287596
     6839.1100000000         0.0052845348
     6854.8800000000         0.0052310983
     6870.6800000000         0.0052909679
     6886.5200000000         0.0053422176
     6902.4000000000         0.0053394949
     6918.3100000000         0.0053126840
     6934.2600000000         0.0052845241
     6950.2400000000         0.0052759214
     6966.2600000000         0.0053200992
     6982.3200000000         0.0053129727
     6998.4200000000         0.0052648503
     7014.5500000000         0.0052372394
     7030.7200000000         0.0053174132
     7046.9300000000         0.0053360066
     7063.1800000000         0.0052393866
     7079.4600000000         0.0051189880
     7095.7700000000         0.0050080223
     7112.1400000000         0.0049130386
     7128.5300000000         0.0048358794
     7144.9600000000         0.0048191943
     7161.4300000000         0.0048427950
     7177.9400000000         0.0048170276
     7194.4900000000         0.0047715022
     7211.0700000000         0.0048574335
     7227.7000000000         0.0049309167
     7244.3600000000         0.0049624168
     7261.0600000000         0.0049843648
     7277.8000000000         0.0049639908
     7294.5700000000         0.0049442076
     7311.3900000000         0.0050423751
     7328.2500000000         0.0050554886
     7345.1400000000         0.0050901161
     7362.0700000000         0.0051698694
     7379.0400000000         0.0051697572
     7396.0500000000         0.0051122950
     7413.1000000000         0.0051233047
     7430.1900000000         0.0052181873
     7447.3200000000         0.0052177245
     7464.4900000000         0.0052698837
     7481.6900000000         0.0052805278
     7498.9400000000         0.0052986671
     7516.2300000000         0.0053524422
     7533.5500000000         0.0054100784
     7550.9200000000         0.0054359096
     7568.3300000000         0.0054118936
     7585.7700000000         0.0053260415
     7603.2600000000         0.0052423454
     7620.7900000000         0.0051553738
     7638.3600000000         0.0050654835
     7655.9600000000         0.0049393279
     7673.6100000000         0.0048012943
     7691.3000000000         0.0048842938
     7709.0300000000         0.0048044519
     7726.8100000000         0.0048069954
     7744.6200000000         0.0047821165
     7762.4700000000         0.0048035374
     7780.3600000000         0.0048457035
     7798.3000000000         0.0048631565
     7816.2800000000         0.0048435968
     7834.2900000000         0.0048003430
     7852.3600000000         0.0047588143
     7870.4600000000         0.0048242677
     7888.6000000000         0.0047586109
     7906.7900000000         0.0046646059
     7925.0100000000         0.0046603736
     7943.2800000000         0.0046382383
     7961.5900000000         0.0047122990
     7979.9500000000         0.0047752047
     7998.3400000000         0.0047925077
     8016.7800000000         0.0048207599
     8035.2600000000         0.0048283348
     8053.7800000000         0.0048385276
     8072.3500000000         0.0048773703
     8090.9600000000         0.0048315278
     8109.6100000000         0.0048770541
     8128.3000000000         0.0049981270
     8147.0400000000         0.0050510620
     8165.8200000000         0.0050921920
     8184.6500000000         0.0049948776
     8203.5100000000         0.0049102399
     8222.4300000000         0.0049059242
     8241.3800000000         0.0049135345
     8260.3800000000         0.0049384478
     8279.4200000000         0.0049378322
     8298.5100000000         0.0048370995
     8317.6300000000         0.0047291890
     8336.8100000000         0.0047100573
     8356.0300000000         0.0047157323
     8375.2900000000         0.0046931696
     8394.6000000000         0.0046128081
     8413.9500000000         0.0046767532
     8433.3500000000         0.0044864588
     8452.7900000000         0.0044073956
     8472.2700000000         0.0044117360
     8491.8000000000         0.0044306014
     8511.3800000000         0.0042574252
     8531.0000000000         0.0044324044
     8550.6700000000         0.0041142879
     8570.3800000000         0.0045840009
     8590.1400000000         0.0044955392
     8609.9400000000         0.0045389896
     8629.7800000000         0.0046707429
     8649.6700000000         0.0046656928
     8669.6200000000         0.0042009666
     8689.6000000000         0.0045574820
     8709.6300000000         0.0047312351
     8729.7100000000         0.0047544418
     8749.8400000000         0.0046342961
     8770.0000000000         0.0047827903
     8790.2300000000         0.0048565650
     8810.4900000000         0.0047667352
     8830.8000000000         0.0048091533
     8851.1500000000         0.0047535533
     8871.5600000000         0.0045480351
     8892.0100000000         0.0046890476
     8912.5100000000         0.0047419867
     8933.0500000000         0.0046647685
     8953.6500000000         0.0046783444
     8974.2800000000         0.0046882951
     8994.9800000000         0.0046304367
     9015.7100000000         0.0045261034
     9036.4900000000         0.0047280500
     9057.3300000000         0.0048527899
     9078.2000000000         0.0048083588
     9099.1300000000         0.0047775949
     9120.1000000000         0.0048572994
     9141.1300000000         0.0048816078
     9162.2000000000         0.0048606382
     9183.3200000000         0.0048880535
     9204.5000000000         0.0047523663
     9225.7100000000         0.0045506698
     9246.9800000000         0.0045523685
     9268.3000000000         0.0046056421
     9289.6600000000         0.0045638094
     9311.0800000000         0.0045967768
     9332.5400000000         0.0045977323
     9354.0600000000         0.0045676641
     9375.6200000000         0.0045283930
     9397.2300000000         0.0045457478
     9418.9000000000         0.0045347898
     9440.6100000000         0.0045657582
     9462.3700000000         0.0045965915
     9484.1800000000         0.0046404870
     9506.0500000000         0.0045730667
     9527.9600000000         0.0045572133
     9549.9200000000         0.0044103405
     9571.9400000000         0.0045290282
     9594.0000000000         0.0046131536
     9616.1200000000         0.0045682373
     9638.2900000000         0.0045515820
     9660.5100000000         0.0045043039
     9682.7700000000         0.0045497008
     9705.1000000000         0.0045265569
     9727.4700000000         0.0044732243
     9749.8900000000         0.0044472115
     9772.3700000000         0.0044603893
     9794.9000000000         0.0044316854
     9817.4800000000         0.0044948808
     9840.1100000000         0.0044808281
     9862.7900000000         0.0044740434
     9885.5300000000         0.0044566873
     9908.3200000000         0.0044207438
     9931.1600000000         0.0044435808
     9954.0500000000         0.0044496423
     9977.0000000000         0.0044439677
    10000.0000000000         0.0044232560
    10000.0000000000         0.0044232560
    10115.8000000000         0.0043797935
    10232.9400000000         0.0043530250
    10351.4200000000         0.0042770095
    10471.2900000000         0.0042230855
    10592.5400000000         0.0040980754
    10715.2000000000         0.0040325304
    10839.2700000000         0.0039319554
    10964.7800000000         0.0038578103
    11091.7500000000         0.0037863296
    11220.1900000000         0.0037369577
    11350.1000000000         0.0036612120
    11481.5400000000         0.0036401644
    11614.4900000000         0.0035309892
    11748.9800000000         0.0034953975
    11885.0200000000         0.0033793747
    12022.6400000000         0.0033476171
    12161.8600000000         0.0033242188
    12302.6900000000         0.0032564297
    12445.1400000000         0.0031885251
    12589.2500000000         0.0031292469
    12735.0300000000         0.0030793555
    12882.5000000000         0.0030128229
    13031.6600000000         0.0029675527
    13182.5600000000         0.0028992663
    13335.2100000000         0.0028385560
    13489.6300000000         0.0027889921
    13645.8400000000         0.0027240694
    13803.8400000000         0.0027218044
    13963.6800000000         0.0025793870
    14125.3800000000         0.0025313918
    14288.9500000000         0.0024881454
    14454.3900000000         0.0024956486
    14621.7700000000         0.0024522704
    14791.0900000000         0.0024283226
    14962.3600000000         0.0024463949
    15135.6100000000         0.0024476796
    15310.8700000000         0.0024545412
    15488.1700000000         0.0024279589
    15667.5200000000         0.0023510123
    15848.9200000000         0.0022601648
    16032.4500000000         0.0022951050
    16218.1000000000         0.0022856221
    16405.9000000000         0.0022674212
    16595.8600000000         0.0022491103
    16788.0400000000         0.0021846937
    16982.4400000000         0.0021525891
    17179.0900000000         0.0020769995
    17378.0000000000         0.0019761072
    17579.2300000000         0.0019154869
    17782.7900000000         0.0018309938
    17988.7100000000         0.0017503172
    18197.0200000000         0.0016767865
    18407.7100000000         0.0016198636
    18620.8700000000         0.0015564184
    18836.4900000000         0.0015044363
    19054.6200000000         0.0014663810
    19275.2400000000         0.0014122076
    19498.4400000000         0.0013462659
    19724.2300000000         0.0012982066
    19952.6300000000         0.0012610740
    20183.6600000000         0.0012274368
    20417.3800000000         0.0011934077
    20653.8000000000         0.0011566262
    20892.9700000000         0.0011216289
    21134.8800000000         0.0010921883
    21379.6200000000         0.0010672078
    21627.1900000000         0.0010246397
    21877.6200000000         0.0009960509
    22130.9400000000         0.0009645383
    22387.2100000000         0.0009269068
    22646.4400000000         0.0008908932
    22908.6800000000         0.0007939826
    23173.9300000000         0.0007567879
    23442.2800000000         0.0006991702
    23713.7400000000         0.0006553105
    23988.3400000000         0.0006192148
    24266.1100000000         0.0005826437
    24547.0800000000         0.0005342416
    24831.3300000000         0.0004825081
    25118.8700000000         0.0004585212
    25409.7400000000         0.0004536922
    25703.9500000000         0.0004504554
    26001.5900000000         0.0004398580
    26302.6800000000         0.0004263970
    26607.2600000000         0.0004127819
    26915.3400000000         0.0004039436
    27227.0100000000         0.0003976738
    27542.2900000000         0.0003860988
    27861.2200000000         0.0003741234
    28183.8200000000         0.0003611699
    28510.1800000000         0.0003514221
    28840.3200000000         0.0003395838
    29174.2800000000         0.0003294397
    29512.0800000000         0.0003181795
    29853.8200000000         0.0003080076
    30199.5200000000         0.0002987002
    30549.2200000000         0.0002890684
    30902.9400000000         0.0002810438
    31260.7900000000         0.0002737402
    31622.7800000000         0.0002661225
    31988.9600000000         0.0002709783
    32359.3500000000         0.0003103465
    32734.0600000000         0.0003801118
    33113.1100000000         0.0003949326
    33496.5500000000         0.0003158117
    33884.4300000000         0.0002414555
    34276.7700000000         0.0002132799
    34673.6800000000         0.0002035691
    35075.2000000000         0.0001963992
    35481.3600000000         0.0001890589
    35892.1800000000         0.0001817379
    36307.8000000000         0.0001756611
    36728.2300000000         0.0001687566
    37153.5400000000         0.0001619547
    37583.7200000000         0.0001555585
    38018.9300000000         0.0001502083
    38459.1800000000         0.0001453714
    38904.5300000000         0.0001396531
    39354.9900000000         0.0001346036
    39810.7100000000         0.0001289700
    40271.7100000000         0.0001249890
    40738.0400000000         0.0001202859
    41209.7300000000         0.0001162734
    41686.9300000000         0.0001117789
    42169.6500000000         0.0001080184
    42657.9600000000         0.0001045588
    43151.8800000000         0.0000946139
    43651.5700000000         0.0000891837
    44157.0400000000         0.0000840368
    44668.3700000000         0.0000806486
    45185.6200000000         0.0000783467
    45708.8000000000         0.0000772249
    46238.1000000000         0.0000752042
    46773.5200000000         0.0000741487
    47315.1500000000         0.0000730408
    47862.9900000000         0.0000715417
    48417.2300000000         0.0000705229
    48977.8900000000         0.0000689627
    49545.0400000000         0.0000676910
    50118.7000000000         0.0000666451
    50699.0600000000         0.0000653959
    51286.1400000000         0.0000643066
    51880.0200000000         0.0000633817
    52480.7200000000         0.0000623765
    53088.4300000000         0.0000612255
    53703.1800000000         0.0000604682
    54325.0500000000         0.0000595332
    54954.0600000000         0.0000589126
    55590.4100000000         0.0000584398
    56234.1300000000         0.0000581630
    56885.3100000000         0.0000582383
    57543.9600000000         0.0000581064
    58210.3000000000         0.0000581458
    58884.3600000000         0.0000585258
    59566.2300000000         0.0000595066
    60255.9900000000         0.0000643698
    60953.6700000000         0.0000739970
    61659.5000000000         0.0001173553
    62373.5000000000         0.0001771421
    63095.7600000000         0.0001295149
    63826.3200000000         0.0000867070
    64565.4100000000         0.0000635193
    65313.0600000000         0.0000554350
    66069.3700000000         0.0000603289
    66834.3600000000         0.0000616775
    67608.2900000000         0.0000625031
    68391.1700000000         0.0000606740
    69183.1200000000         0.0000674942
    69984.1600000000         0.0000822686
    70794.5600000000         0.0000720013
    71614.3400000000         0.0000760156
    72443.6200000000         0.0000802583
    73282.4100000000         0.0000893511
    74131.0100000000         0.0001043222
    74989.4200000000         0.0001364492
    75857.7800000000         0.0001607116
    76736.1000000000         0.0001768344
    77624.6900000000         0.0001674050
    78523.5600000000         0.0001610081
    79432.8400000000         0.0001406891
    80352.6500000000         0.0001112259
    81283.0200000000         0.0000911009
    82224.2600000000         0.0000795770
    83176.3900000000         0.0000775829
    84139.5500000000         0.0000768255
    85113.7700000000         0.0000805945
    86099.3700000000         0.0000877776
    87096.3700000000         0.0000789941
    88104.9200000000         0.0000573836
    89125.0500000000         0.0000415317
    90157.1000000000         0.0000333549
    91201.0900000000         0.0000281651
    92257.1700000000         0.0000246919
    93325.3800000000         0.0000236669
    94406.0700000000         0.0000234273
    95499.2700000000         0.0000223733
    96605.1200000000         0.0000249381
    97723.6700000000         0.0000239358
    98855.2800000000         0.0000208196
   100000.0000000000         0.0000202464
   101157.9700000000         0.0000207125
   102329.2400000000         0.0000209550
   103514.1900000000         0.0000210634
   104712.8500000000         0.0000230708
   105925.4000000000         0.0000276596
   107151.9800000000         0.0000283094
   108392.6600000000         0.0000292636
   109647.8100000000         0.0000347443
   110917.5000000000         0.0000475936
   112201.9000000000         0.0000850479
   113501.0400000000         0.0000950665
   114815.3400000000         0.0000662514
   116144.8800000000         0.0000471495
   117489.8000000000         0.0000394592
   118850.1700000000         0.0000390265
   120226.4200000000         0.0000421320
   121618.6100000000         0.0000393622
   123026.9200000000         0.0000425170
   124451.4000000000         0.0000450614
   125892.5200000000         0.0000501079
   127350.3100000000         0.0000623746
   128824.9900000000         0.0000543747
   130316.6100000000         0.0000328403
   131825.6400000000         0.0000291909
   133352.1400000000         0.0000285305
   134896.3300000000         0.0000273787
   136458.2300000000         0.0000274747
   138038.3900000000         0.0000247642
   139636.8300000000         0.0000246562
   141253.7800000000         0.0000245916
   142889.4700000000         0.0000246886
   144543.9200000000         0.0000236015
   146217.7000000000         0.0000222146
   147910.8600000000         0.0000214955
   149623.6200000000         0.0000212752
   151356.0600000000         0.0000212000
   153108.7200000000         0.0000217560
   154881.6900000000         0.0000237067
   156675.1700000000         0.0000218407
   158489.2500000000         0.0000218643
   160324.5200000000         0.0000219543
   162181.0300000000         0.0000230971
   164059.0300000000         0.0000246521
   165958.6100000000         0.0000247843
   167880.3600000000         0.0000250122
   169824.3800000000         0.0000267217
   171790.8900000000         0.0000255375
   173779.9800000000         0.0000242738
   175792.3100000000         0.0000225234
   177827.9400000000         0.0000218535
   179887.1400000000         0.0000212616
   181969.9800000000         0.0000211188
   184077.1400000000         0.0000210000
   186208.7000000000         0.0000208797
   188364.9500000000         0.0000207580
   190545.9500000000         0.0000206275
   192752.4200000000         0.0000204735
   194984.4400000000         0.0000203194
   197242.3100000000         0.0000201652
   199526.3100000000         0.0000200111
