        1.0000000000         0.0000000000
      316.2300000000         0.0000000000
      316.9600000000         0.0000000000
      317.6900000000         0.0000000000
      318.4200000000         0.0000000000
      319.1500000000         0.0000000000
      319.8900000000         0.0000000000
      320.6300000000         0.0000000000
      321.3700000000         0.0000000000
      322.1100000000         0.0000000000
      322.8500000000         0.0000000000
      323.5900000000         0.0000000000
      324.3400000000         0.0000000000
      325.0900000000         0.0000000000
      325.8400000000         0.0000000000
      326.5900000000         0.0000000000
      327.3400000000         0.0000000000
      328.1000000000         0.0000000000
      328.8500000000         0.0000000000
      329.6100000000         0.0000000000
      330.3700000000         0.0000000000
      331.1300000000         0.0000000000
      331.8900000000         0.0000000000
      332.6600000000         0.0000000000
      333.4300000000         0.0000000000
      334.1900000000         0.0000000000
      334.9700000000         0.0000000000
      335.7400000000         0.0000000000
      336.5100000000         0.0000000000
      337.2900000000         0.0000000000
      338.0600000000         0.0000000000
      338.8400000000         0.0000000000
      339.6300000000         0.0000000000
      340.4100000000         0.0000000000
      341.1900000000         0.0000000000
      341.9800000000         0.0000000000
      342.7700000000         0.0000000000
      343.5600000000         0.0000000000
      344.3500000000         0.0000000000
      345.1400000000         0.0000000000
      345.9400000000         0.0000000000
      346.7400000000         0.0000000000
      347.5400000000         0.0000000000
      348.3400000000         0.0000000000
      349.1400000000         0.0000000000
      349.9500000000         0.0000000000
      350.7500000000         0.0000000000
      351.5600000000         0.0000000000
      352.3700000000         0.0000000000
      353.1800000000         0.0000000000
      354.0000000000         0.0000000000
      354.8100000000         0.0000000000
      355.6300000000         0.0000000000
      356.4500000000         0.0000000000
      357.2700000000         0.0000000000
      358.1000000000         0.0000000000
      358.9200000000         0.0000000000
      359.7500000000         0.0000000000
      360.5800000000         0.0000000000
      361.4100000000         0.0000000000
      362.2400000000         0.0000000000
      363.0800000000         0.0000000000
      363.9200000000         0.0000000000
      364.7500000000         0.0000000000
      365.5900000000         0.0000000000
      366.4400000000         0.0000000000
      367.2800000000         0.0000000000
      368.1300000000         0.0000000000
      368.9800000000         0.0000000000
      369.8300000000         0.0000000000
      370.6800000000         0.0000000000
      371.5400000000         0.0000000000
      372.3900000000         0.0000000000
      373.2500000000         0.0000000000
      374.1100000000         0.0000000000
      374.9700000000         0.0000000000
      375.8400000000         0.0000000000
      376.7000000000         0.0000000000
      377.5700000000         0.0000000000
      378.4400000000         0.0000000000
      379.3100000000         0.0000000000
      380.1900000000         0.0000000000
      381.0700000000         0.0000000000
      381.9400000000         0.0000000000
      382.8200000000         0.0000000000
      383.7100000000         0.0000000000
      384.5900000000         0.0000000000
      385.4800000000         0.0000000000
      386.3700000000         0.0000000000
      387.2600000000         0.0000000000
      388.1500000000         0.0000000000
      389.0500000000         0.0000000000
      389.9400000000         0.0000000000
      390.8400000000         0.0000000000
      391.7400000000         0.0000000000
      392.6500000000         0.0000000000
      393.5500000000         0.0000000000
      394.4600000000         0.0000000000
      395.3700000000         0.0000000000
      396.2800000000         0.0000000000
      397.1900000000         0.0000000000
      398.1100000000         0.0000000000
      399.0200000000         0.0000000000
      399.9400000000         0.0000000000
      400.8700000000         0.0000000000
      401.7900000000         0.0000000000
      402.7200000000         0.0000000000
      403.6500000000         0.0000000000
      404.5800000000         0.0000000000
      405.5100000000         0.0000000000
      406.4400000000         0.0000000000
      407.3800000000         0.0000000000
      408.3200000000         0.0000000000
      409.2600000000         0.0000000000
      410.2000000000         0.0000000000
      411.1500000000         0.0000000000
      412.1000000000         0.0000000000
      413.0500000000         0.0000000000
      414.0000000000         0.0000000000
      414.9500000000         0.0000000000
      415.9100000000         0.0000000000
      416.8700000000         0.0000000000
      417.8300000000         0.0000000000
      418.7900000000         0.0000000000
      419.7600000000         0.0000000000
      420.7300000000         0.0000000000
      421.7000000000         0.0000000000
      422.6700000000         0.0000000000
      423.6400000000         0.0000000000
      424.6200000000         0.0000000000
      425.6000000000         0.0000000000
      426.5800000000         0.0000000000
      427.5600000000         0.0000000000
      428.5500000000         0.0000000000
      429.5400000000         0.0000000000
      430.5300000000         0.0000000000
      431.5200000000         0.0000000000
      432.5100000000         0.0000000000
      433.5100000000         0.0000000000
      434.5100000000         0.0000000000
      435.5100000000         0.0000000000
      436.5200000000         0.0000000000
      437.5200000000         0.0000000000
      438.5300000000         0.0000000000
      439.5400000000         0.0000000000
      440.5500000000         0.0000000000
      441.5700000000         0.0000000000
      442.5900000000         0.0000000000
      443.6100000000         0.0000000000
      444.6300000000         0.0000000000
      445.6600000000         0.0000000000
      446.6800000000         0.0000000000
      447.7100000000         0.0000000000
      448.7500000000         0.0000000000
      449.7800000000         0.0000000000
      450.8200000000         0.0000000000
      451.8600000000         0.0000000000
      452.9000000000         0.0000000000
      453.9400000000         0.0000000000
      454.9900000000         0.0000000000
      456.0400000000         0.0000000000
      457.0900000000         0.0000000000
      458.1400000000         0.0000000000
      459.2000000000         0.0000000000
      460.2600000000         0.0000000000
      461.3200000000         0.0000000000
      462.3800000000         0.0000000000
      463.4500000000         0.0000000000
      464.5200000000         0.0000000000
      465.5900000000         0.0000000000
      466.6600000000         0.0000000000
      467.7400000000         0.0000000000
      468.8100000000         0.0000000000
      469.8900000000         0.0000000000
      470.9800000000         0.0000000000
      472.0600000000         0.0000000000
      473.1500000000         0.0000000000
      474.2400000000         0.0000000000
      475.3400000000         0.0000000000
      476.4300000000         0.0000000000
      477.5300000000         0.0000000000
      478.6300000000         0.0000000000
      479.7300000000         0.0000000000
      480.8400000000         0.0000000000
      481.9500000000         0.0000000000
      483.0600000000         0.0000000000
      484.1700000000         0.0000000000
      485.2900000000         0.0000000000
      486.4100000000         0.0000000000
      487.5300000000         0.0000000000
      488.6500000000         0.0000000000
      489.7800000000         0.0000000000
      490.9100000000         0.0000000000
      492.0400000000         0.0000000000
      493.1700000000         0.0000000000
      494.3100000000         0.0000000000
      495.4500000000         0.0000000000
      496.5900000000         0.0000000000
      497.7400000000         0.0000000000
      498.8800000000         0.0000000000
      500.0300000000         0.0000000000
      501.1900000000         0.0000000000
      502.3400000000         0.0000000000
      503.5000000000         0.0000000000
      504.6600000000         0.0000000000
      505.8200000000         0.0000000000
      506.9900000000         0.0000000000
      508.1600000000         0.0000000000
      509.3300000000         0.0000000000
      510.5000000000         0.0000000000
      511.6800000000         0.0000000000
      512.8600000000         0.0000000000
      514.0400000000         0.0000000000
      515.2300000000         0.0000000000
      516.4200000000         0.0000000000
      517.6100000000         0.0000000000
      518.8000000000         0.0000000000
      520.0000000000         0.0000000000
      521.1900000000         0.0000000000
      522.4000000000         0.0000000000
      523.6000000000         0.0000000000
      524.8100000000         0.0000000000
      526.0200000000         0.0000000000
      527.2300000000         0.0000000000
      528.4500000000         0.0000000000
      529.6600000000         0.0000000000
      530.8800000000         0.0000000000
      532.1100000000         0.0000000000
      533.3300000000         0.0000000000
      534.5600000000         0.0000000000
      535.8000000000         0.0000000000
      537.0300000000         0.0000000000
      538.2700000000         0.0000000000
      539.5100000000         0.0000000000
      540.7500000000         0.0000000000
      542.0000000000         0.0000000000
      543.2500000000         0.0000000000
      544.5000000000         0.0000000000
      545.7600000000         0.0000000000
      547.0200000000         0.0000000000
      548.2800000000         0.0000000000
      549.5400000000         0.0000000000
      550.8100000000         0.0000000000
      552.0800000000         0.0000000000
      553.3500000000         0.0000000000
      554.6300000000         0.0000000000
      555.9000000000         0.0000000000
      557.1900000000         0.0000000000
      558.4700000000         0.0000000000
      559.7600000000         0.0000000000
      561.0500000000         0.0000000000
      562.3400000000         0.0000000000
      563.6400000000         0.0000000000
      564.9400000000         0.0000000000
      566.2400000000         0.0000000000
      567.5400000000         0.0000000000
      568.8500000000         0.0000000000
      570.1600000000         0.0000000000
      571.4800000000         0.0000000000
      572.8000000000         0.0000000000
      574.1200000000         0.0000000000
      575.4400000000         0.0000000000
      576.7700000000         0.0000000000
      578.1000000000         0.0000000000
      579.4300000000         0.0000000000
      580.7600000000         0.0000000000
      582.1000000000         0.0000000000
      583.4500000000         0.0000000000
      584.7900000000         0.0000000000
      586.1400000000         0.0000000000
      587.4900000000         0.0000000000
      588.8400000000         0.0000000000
      590.2000000000         0.0000000000
      591.5600000000         0.0000000000
      592.9300000000         0.0000000000
      594.2900000000         0.0000000000
      595.6600000000         0.0000000000
      597.0400000000         0.0000000000
      598.4100000000         0.0000000000
      599.7900000000         0.0000000000
      601.1700000000         0.0000000000
      602.5600000000         0.0000000000
      603.9500000000         0.0000000000
      605.3400000000         0.0000000000
      606.7400000000         0.0000000000
      608.1300000000         0.0000000000
      609.5400000000         0.0000000000
      610.9400000000         0.0000000000
      612.3500000000         0.0000000000
      613.7600000000         0.0000000000
      615.1800000000         0.0000000000
      616.5900000000         0.0000000000
      618.0200000000         0.0000000000
      619.4400000000         0.0000000000
      620.8700000000         0.0000000000
      622.3000000000         0.0000000000
      623.7300000000         0.0000000000
      625.1700000000         0.0000000000
      626.6100000000         0.0000000000
      628.0600000000         0.0000000000
      629.5100000000         0.0000000000
      630.9600000000         0.0000000000
      632.4100000000         0.0000000000
      633.8700000000         0.0000000000
      635.3300000000         0.0000000000
      636.8000000000         0.0000000000
      638.2600000000         0.0000000000
      639.7300000000         0.0000000000
      641.2100000000         0.0000000000
      642.6900000000         0.0000000000
      644.1700000000         0.0000000000
      645.6500000000         0.0000000000
      647.1400000000         0.0000000000
      648.6300000000         0.0000000000
      650.1300000000         0.0000000000
      651.6300000000         0.0000000000
      653.1300000000         0.0000000000
      654.6400000000         0.0000000000
      656.1500000000         0.0000000000
      657.6600000000         0.0000000000
      659.1700000000         0.0000000000
      660.6900000000         0.0000000000
      662.2200000000         0.0000000000
      663.7400000000         0.0000000000
      665.2700000000         0.0000000000
      666.8100000000         0.0000000000
      668.3400000000         0.0000000000
      669.8800000000         0.0000000000
      671.4300000000         0.0000000000
      672.9800000000         0.0000000000
      674.5300000000         0.0000000000
      676.0800000000         0.0000000000
      677.6400000000         0.0000000000
      679.2000000000         0.0000000000
      680.7700000000         0.0000000000
      682.3400000000         0.0000000000
      683.9100000000         0.0000000000
      685.4900000000         0.0000000000
      687.0700000000         0.0000000000
      688.6500000000         0.0000000000
      690.2400000000         0.0000000000
      691.8300000000         0.0000000000
      693.4300000000         0.0000000000
      695.0200000000         0.0000000000
      696.6300000000         0.0000000000
      698.2300000000         0.0000000000
      699.8400000000         0.0000000000
      701.4600000000         0.0000000000
      703.0700000000         0.0000000000
      704.6900000000         0.0000000000
      706.3200000000         0.0000000000
      707.9500000000         0.0000000000
      709.5800000000         0.0000000000
      711.2100000000         0.0000000000
      712.8500000000         0.0000000000
      714.5000000000         0.0000000000
      716.1400000000         0.0000000000
      717.7900000000         0.0000000000
      719.4500000000         0.0000000000
      721.1100000000         0.0000000000
      722.7700000000         0.0000000000
      724.4400000000         0.0000000000
      726.1100000000         0.0000000000
      727.7800000000         0.0000000000
      729.4600000000         0.0000000000
      731.1400000000         0.0000000000
      732.8200000000         0.0000000000
      734.5100000000         0.0000000000
      736.2100000000         0.0000000000
      737.9000000000         0.0000000000
      739.6100000000         0.0000000000
      741.3100000000         0.0000000000
      743.0200000000         0.0000000000
      744.7300000000         0.0000000000
      746.4500000000         0.0000000000
      748.1700000000         0.0000000000
      749.8900000000         0.0000000000
      751.6200000000         0.0000000000
      753.3600000000         0.0000000000
      755.0900000000         0.0000000000
      756.8300000000         0.0000000000
      758.5800000000         0.0000000000
      760.3300000000         0.0000000000
      762.0800000000         0.0000000000
      763.8400000000         0.0000000000
      765.6000000000         0.0000000000
      767.3600000000         0.0000000000
      769.1300000000         0.0000000000
      770.9000000000         0.0000000000
      772.6800000000         0.0000000000
      774.4600000000         0.0000000000
      776.2500000000         0.0000000000
      778.0400000000         0.0000000000
      779.8300000000         0.0000000000
      781.6300000000         0.0000000000
      783.4300000000         0.0000000000
      785.2400000000         0.0000000000
      787.0500000000         0.0000000000
      788.8600000000         0.0000000000
      790.6800000000         0.0000000000
      792.5000000000         0.0000000000
      794.3300000000         0.0000000000
      796.1600000000         0.0000000000
      797.9900000000         0.0000000000
      799.8300000000         0.0000000000
      801.6800000000         0.0000000000
      803.5300000000         0.0000000000
      805.3800000000         0.0000000000
      807.2400000000         0.0000000000
      809.1000000000         0.0000000000
      810.9600000000         0.0000000000
      812.8300000000         0.0000000000
      814.7000000000         0.0000000000
      816.5800000000         0.0000000000
      818.4600000000         0.0000000000
      820.3500000000         0.0000000000
      822.2400000000         0.0000000000
      824.1400000000         0.0000000000
      826.0400000000         0.0000000000
      827.9400000000         0.0000000000
      829.8500000000         0.0000000000
      831.7600000000         0.0000000000
      833.6800000000         0.0000000000
      835.6000000000         0.0000000000
      837.5300000000         0.0000000000
      839.4600000000         0.0000000000
      841.4000000000         0.0000000000
      843.3300000000         0.0000000000
      845.2800000000         0.0000000000
      847.2300000000         0.0000000000
      849.1800000000         0.0000000000
      851.1400000000         0.0000000000
      853.1000000000         0.0000000000
      855.0700000000         0.0000000000
      857.0400000000         0.0000000000
      859.0100000000         0.0000000000
      860.9900000000         0.0000000000
      862.9800000000         0.0000000000
      864.9700000000         0.0000000000
      866.9600000000         0.0000000000
      868.9600000000         0.0000000000
      870.9600000000         0.0000000000
      872.9700000000         0.0000000000
      874.9800000000         0.0000000000
      877.0000000000         0.0000000000
      879.0200000000         0.0000000000
      881.0500000000         0.0000000000
      883.0800000000         0.0000000000
      885.1200000000         0.0000000000
      887.1600000000         0.0000000000
      889.2000000000         0.0000000000
      891.2500000000         0.0000000000
      893.3100000000         0.0000000000
      895.3600000000         0.0000000000
      897.4300000000         0.0000000000
      899.5000000000         0.0000000000
      901.5700000000         0.0000000000
      903.6500000000         0.0000000000
      905.7300000000         0.0000000000
      907.8200000000         0.0000000000
      909.9100000000         0.0000000000
      912.0100000000         0.0002738190
      914.1100000000         0.0005574980
      916.2200000000         0.0008392233
      918.3300000000         0.0011190602
      920.4500000000         0.0013968966
      922.5700000000         0.0016728063
      924.7000000000         0.0019468683
      926.8300000000         0.0022189501
      928.9700000000         0.0024891391
      931.1100000000         0.0027574457
      933.2500000000         0.0030239290
      935.4100000000         0.0032884928
      937.5600000000         0.0035511989
      939.7200000000         0.0038121147
      941.8900000000         0.0040711379
      944.0600000000         0.0043283370
      946.2400000000         0.0045837769
      948.4200000000         0.0048373519
      950.6000000000         0.0050891270
      952.8000000000         0.0053391182
      954.9900000000         0.0055873892
      957.1900000000         0.0058338372
      959.4000000000         0.0060785203
      961.6100000000         0.0063215191
      963.8300000000         0.0065627205
      966.0500000000         0.0068021887
      968.2800000000         0.0070399949
      970.5100000000         0.0072760307
      972.7500000000         0.0075103627
      974.9900000000         0.0077430634
      977.2400000000         0.0079740267
      979.4900000000         0.0082033128
      981.7500000000         0.0084309299
      984.0100000000         0.0086569507
      986.2800000000         0.0088812718
      988.5500000000         0.0091039510
      990.8300000000         0.0093250545
      993.1200000000         0.0095444852
      995.4100000000         0.0097623020
      997.7000000000         0.0099785719
     1000.0000000000         0.0101931924
     1002.3100000000         0.0104062287
     1004.6200000000         0.0106176948
     1006.9300000000         0.0106303347
     1009.2500000000         0.0106035993
     1011.5800000000         0.0105769355
     1013.9100000000         0.0105503378
     1016.2500000000         0.0100712925
     1018.5900000000         0.0092018237
     1020.9400000000         0.0083380286
     1023.2900000000         0.0074803093
     1025.6500000000         0.0069744345
     1028.0200000000         0.0073762848
     1030.3900000000         0.0077751949
     1032.7600000000         0.0081712799
     1035.1400000000         0.0086020250
     1037.5300000000         0.0096199112
     1039.9200000000         0.0106304791
     1042.3200000000         0.0116339689
     1044.7200000000         0.0126306694
     1047.1300000000         0.0126757426
     1049.5400000000         0.0125965783
     1051.9600000000         0.0125178061
     1054.3900000000         0.0124394633
     1056.8200000000         0.0120452615
     1059.2500000000         0.0115472134
     1061.7000000000         0.0110523710
     1064.1400000000         0.0105608944
     1066.6000000000         0.0105962660
     1069.0500000000         0.0109118810
     1071.5200000000         0.0112251546
     1073.9900000000         0.0115361298
     1076.4700000000         0.0114059495
     1078.9500000000         0.0109745143
     1081.4300000000         0.0105459290
     1083.9300000000         0.0101201814
     1086.4300000000         0.0102396384
     1088.9300000000         0.0107655684
     1091.4400000000         0.0112877833
     1093.9600000000         0.0118063735
     1096.4800000000         0.0119529180
     1099.0100000000         0.0118389325
     1101.5400000000         0.0117255850
     1104.0800000000         0.0116129126
     1106.6200000000         0.0115125012
     1109.1800000000         0.0114191994
     1111.7300000000         0.0113264481
     1114.2900000000         0.0112342108
     1116.8600000000         0.0110067716
     1119.4400000000         0.0107294312
     1122.0200000000         0.0104539571
     1124.6000000000         0.0101802703
     1127.2000000000         0.0105896890
     1129.8000000000         0.0111183431
     1132.4000000000         0.0116432402
     1135.0100000000         0.0121613657
     1137.6300000000         0.0119316848
     1140.2500000000         0.0117034623
     1142.8800000000         0.0114766909
     1145.5100000000         0.0113176117
     1148.1500000000         0.0114331599
     1150.8000000000         0.0115477936
     1153.4500000000         0.0116615426
     1156.1100000000         0.0117437858
     1158.7800000000         0.0117829144
     1161.4500000000         0.0118216593
     1164.1300000000         0.0118600056
     1166.8100000000         0.0112906899
     1169.5000000000         0.0104322517
     1172.2000000000         0.0095798355
     1174.9000000000         0.0087332223
     1177.6100000000         0.0094156368
     1180.3200000000         0.0101532955
     1183.0400000000         0.0108855972
     1185.7700000000         0.0112118572
     1188.5000000000         0.0105161183
     1191.2400000000         0.0098252008
     1193.9900000000         0.0091389576
     1196.7400000000         0.0085894922
     1199.5000000000         0.0081206188
     1202.2600000000         0.0076548671
     1205.0400000000         0.0071934732
     1207.8100000000         0.0068279016
     1210.6000000000         0.0064648455
     1213.3900000000         0.0061042295
     1216.1900000000         0.0062378598
     1218.9900000000         0.0070370496
     1221.8000000000         0.0078306654
     1224.6200000000         0.0086189378
     1227.4400000000         0.0093984893
     1230.2700000000         0.0101720914
     1233.1000000000         0.0109402463
     1235.9500000000         0.0115186721
     1238.8000000000         0.0117245931
     1241.6500000000         0.0119289756
     1244.5100000000         0.0121318782
     1247.3800000000         0.0120476093
     1250.2600000000         0.0119057745
     1253.1400000000         0.0117647508
     1256.0300000000         0.0115521811
     1258.9300000000         0.0112105347
     1261.8300000000         0.0108710462
     1264.7400000000         0.0105338590
     1267.6500000000         0.0110713746
     1270.5700000000         0.0116916560
     1273.5000000000         0.0123076690
     1276.4400000000         0.0126791252
     1279.3800000000         0.0127987303
     1282.3300000000         0.0129174013
     1285.2900000000         0.0129570039
     1288.2500000000         0.0122706303
     1291.2200000000         0.0115886824
     1294.2000000000         0.0109114759
     1297.1800000000         0.0107077602
     1300.1700000000         0.0106780073
     1303.1700000000         0.0106483409
     1306.1700000000         0.0108691994
     1309.1800000000         0.0114796981
     1312.2000000000         0.0120859975
     1315.2200000000         0.0126314359
     1318.2600000000         0.0124714319
     1321.3000000000         0.0123123545
     1324.3400000000         0.0121542821
     1327.3900000000         0.0118378084
     1330.4500000000         0.0114795743
     1333.5200000000         0.0111237541
     1336.6000000000         0.0112013603
     1339.6800000000         0.0116769122
     1342.7700000000         0.0121491719
     1345.8600000000         0.0124544445
     1348.9600000000         0.0123336427
     1352.0700000000         0.0122135123
     1355.1900000000         0.0120797539
     1358.3100000000         0.0117253354
     1361.4400000000         0.0113731492
     1364.5800000000         0.0110233389
     1367.7300000000         0.0110682463
     1370.8800000000         0.0111725461
     1374.0400000000         0.0112760374
     1377.2100000000         0.0113032740
     1380.3800000000         0.0112975873
     1383.5700000000         0.0112918187
     1386.7600000000         0.0110143339
     1389.9500000000         0.0105173793
     1393.1600000000         0.0100236116
     1396.3700000000         0.0097770616
     1399.5900000000         0.0098597463
     1402.8100000000         0.0099417754
     1406.0500000000         0.0100387288
     1409.2900000000         0.0101674190
     1412.5400000000         0.0102951173
     1415.7900000000         0.0104002627
     1419.0600000000         0.0104377344
     1422.3300000000         0.0104748402
     1425.6100000000         0.0105017135
     1428.8900000000         0.0104849888
     1432.1900000000         0.0104682688
     1435.4900000000         0.0104830470
     1438.8000000000         0.0106780678
     1442.1200000000         0.0108673181
     1445.4400000000         0.0109355524
     1448.7700000000         0.0108901607
     1452.1100000000         0.0107456362
     1455.4600000000         0.0105854645
     1458.8100000000         0.0103223231
     1462.1800000000         0.0100609418
     1465.5500000000         0.0098400507
     1468.9300000000         0.0098201744
     1472.3100000000         0.0098003363
     1475.7100000000         0.0097897109
     1479.1100000000         0.0098139169
     1482.5200000000         0.0098378574
     1485.9400000000         0.0098592704
     1489.3600000000         0.0098744622
     1492.7900000000         0.0098894499
     1496.2400000000         0.0098298164
     1499.6800000000         0.0096379593
     1503.1400000000         0.0094472803
     1506.6100000000         0.0091319457
     1510.0800000000         0.0086734332
     1513.5600000000         0.0085658245
     1517.0500000000         0.0088793254
     1520.5500000000         0.0087589361
     1524.0500000000         0.0086392825
     1527.5700000000         0.0083326073
     1531.0900000000         0.0079588788
     1534.6200000000         0.0075876322
     1538.1500000000         0.0076830494
     1541.7000000000         0.0078339921
     1545.2500000000         0.0079632858
     1548.8200000000         0.0078255935
     1552.3900000000         0.0076887957
     1555.9700000000         0.0076054465
     1559.5500000000         0.0076646083
     1563.1500000000         0.0077232984
     1566.7500000000         0.0078246016
     1570.3600000000         0.0079706311
     1573.9800000000         0.0081156036
     1577.6100000000         0.0082338126
     1581.2500000000         0.0083411522
     1584.8900000000         0.0084476899
     1588.5500000000         0.0084849941
     1592.2100000000         0.0085199000
     1595.8800000000         0.0085311402
     1599.5600000000         0.0084682954
     1603.2500000000         0.0084057925
     1606.9400000000         0.0083711576
     1610.6500000000         0.0083615016
     1614.3600000000         0.0083518270
     1618.0800000000         0.0082283961
     1621.8100000000         0.0080820564
     1625.5500000000         0.0079807667
     1629.3000000000         0.0081359278
     1633.0500000000         0.0082899667
     1636.8200000000         0.0083823064
     1640.5900000000         0.0084091732
     1644.3700000000         0.0084357681
     1648.1600000000         0.0082648396
     1651.9600000000         0.0080559216
     1655.7700000000         0.0079311403
     1659.5900000000         0.0081333471
     1663.4100000000         0.0083340267
     1667.2500000000         0.0081578922
     1671.0900000000         0.0077181933
     1674.9400000000         0.0080954460
     1678.8000000000         0.0084805768
     1682.6700000000         0.0085894717
     1686.5500000000         0.0085760690
     1690.4400000000         0.0083811367
     1694.3400000000         0.0081874607
     1698.2400000000         0.0080516068
     1702.1600000000         0.0079281749
     1706.0800000000         0.0077928365
     1710.0200000000         0.0076250993
     1713.9600000000         0.0074584805
     1717.9100000000         0.0073856488
     1721.8700000000         0.0073464084
     1725.8400000000         0.0073440331
     1729.8200000000         0.0074782954
     1733.8000000000         0.0076115546
     1737.8000000000         0.0075901123
     1741.8100000000         0.0075032297
     1745.8200000000         0.0074617583
     1749.8500000000         0.0075946040
     1753.8800000000         0.0077264286
     1757.9200000000         0.0075880759
     1761.9800000000         0.0073476653
     1766.0400000000         0.0071727526
     1770.1100000000         0.0071846396
     1774.1900000000         0.0071963714
     1778.2800000000         0.0072175586
     1782.3800000000         0.0072408910
     1786.4900000000         0.0073043359
     1790.6100000000         0.0074382769
     1794.7300000000         0.0075711813
     1798.8700000000         0.0075392835
     1803.0200000000         0.0074962550
     1807.1700000000         0.0073458245
     1811.3400000000         0.0070984354
     1815.5200000000         0.0068869377
     1819.7000000000         0.0069196885
     1823.9000000000         0.0069521400
     1828.1000000000         0.0068696574
     1832.3100000000         0.0067468835
     1836.5400000000         0.0065861992
     1840.7700000000         0.0063591120
     1845.0200000000         0.0061342325
     1849.2700000000         0.0061167232
     1853.5300000000         0.0060992702
     1857.8000000000         0.0061220960
     1862.0900000000         0.0061657066
     1866.3800000000         0.0062479451
     1870.6800000000         0.0064117094
     1874.9900000000         0.0065743187
     1879.3200000000         0.0063439063
     1883.6500000000         0.0061145178
     1887.9900000000         0.0059588151
     1892.3400000000         0.0058367094
     1896.7100000000         0.0058089020
     1901.0800000000         0.0059265969
     1905.4600000000         0.0060190358
     1909.8500000000         0.0059038722
     1914.2600000000         0.0057894113
     1918.6700000000         0.0057125846
     1923.0900000000         0.0056436840
     1927.5200000000         0.0056451834
     1931.9700000000         0.0056994157
     1936.4200000000         0.0057586636
     1940.8900000000         0.0058290609
     1945.3600000000         0.0058788033
     1949.8400000000         0.0056987973
     1954.3400000000         0.0055199745
     1958.8400000000         0.0056255385
     1963.3600000000         0.0057788622
     1967.8900000000         0.0059130844
     1972.4200000000         0.0059725964
     1976.9700000000         0.0059788702
     1981.5300000000         0.0057907631
     1986.0900000000         0.0056557218
     1990.6700000000         0.0055825971
     1995.2600000000         0.0055172145
     1999.8600000000         0.0055721300
     2004.4700000000         0.0056266203
     2009.0900000000         0.0055523477
     2013.7200000000         0.0054620188
     2018.3700000000         0.0055010202
     2023.0200000000         0.0055884332
     2027.6800000000         0.0055394890
     2032.3600000000         0.0053908648
     2037.0400000000         0.0053375629
     2041.7400000000         0.0054064700
     2046.4400000000         0.0054161781
     2051.1600000000         0.0052934941
     2055.8900000000         0.0051949350
     2060.6300000000         0.0051972182
     2065.3800000000         0.0052120653
     2070.1400000000         0.0053715771
     2074.9100000000         0.0054369471
     2079.7000000000         0.0052646385
     2084.4900000000         0.0053747143
     2089.3000000000         0.0052597881
     2094.1100000000         0.0051191002
     2098.9400000000         0.0050998530
     2103.7800000000         0.0051077981
     2108.6300000000         0.0051140990
     2113.4900000000         0.0051197875
     2118.3600000000         0.0051318412
     2123.2400000000         0.0051466520
     2128.1400000000         0.0050482708
     2133.0400000000         0.0048873671
     2137.9600000000         0.0048389565
     2142.8900000000         0.0048641944
     2147.8300000000         0.0049131862
     2152.7800000000         0.0049796025
     2157.7400000000         0.0049654567
     2162.7200000000         0.0048867511
     2167.7000000000         0.0048322007
     2172.7000000000         0.0047978740
     2177.7100000000         0.0047553102
     2182.7300000000         0.0047058742
     2187.7600000000         0.0047267694
     2192.8000000000         0.0048049241
     2197.8600000000         0.0047988459
     2202.9300000000         0.0047286865
     2208.0000000000         0.0046347589
     2213.0900000000         0.0045247413
     2218.2000000000         0.0044413130
     2223.3100000000         0.0043737860
     2228.4400000000         0.0044319448
     2233.5700000000         0.0045511471
     2238.7200000000         0.0045234691
     2243.8800000000         0.0044400268
     2249.0500000000         0.0043592439
     2254.2400000000         0.0042795846
     2259.4400000000         0.0043024593
     2264.6400000000         0.0043426133
     2269.8600000000         0.0043875393
     2275.1000000000         0.0044325725
     2280.3400000000         0.0044820094
     2285.6000000000         0.0045113955
     2290.8700000000         0.0043879803
     2296.1500000000         0.0042944490
     2301.4400000000         0.0043059792
     2306.7500000000         0.0042835232
     2312.0600000000         0.0041923691
     2317.3900000000         0.0039650933
     2322.7400000000         0.0035722463
     2328.0900000000         0.0035603317
     2333.4600000000         0.0038249111
     2338.8400000000         0.0038643191
     2344.2300000000         0.0038139161
     2349.6300000000         0.0039175497
     2355.0500000000         0.0040434911
     2360.4800000000         0.0039003831
     2365.9200000000         0.0037896880
     2371.3700000000         0.0038342380
     2376.8400000000         0.0038222461
     2382.3200000000         0.0036998182
     2387.8100000000         0.0036933101
     2393.3200000000         0.0037963560
     2398.8300000000         0.0037775859
     2404.3600000000         0.0037057938
     2409.9100000000         0.0037292531
     2415.4600000000         0.0037701405
     2421.0300000000         0.0038698022
     2426.6100000000         0.0039184489
     2432.2000000000         0.0038429138
     2437.8100000000         0.0038565111
     2443.4300000000         0.0039580157
     2449.0600000000         0.0039646206
     2454.7100000000         0.0039348612
     2460.3700000000         0.0039159474
     2466.0400000000         0.0038880701
     2471.7200000000         0.0038174924
     2477.4200000000         0.0037924799
     2483.1300000000         0.0038285067
     2488.8600000000         0.0037458881
     2494.5900000000         0.0036066303
     2500.3500000000         0.0037979085
     2506.1100000000         0.0039215563
     2511.8900000000         0.0036623352
     2517.6800000000         0.0036925378
     2523.4800000000         0.0035962812
     2529.3000000000         0.0035832904
     2535.1300000000         0.0036022905
     2540.9700000000         0.0035657079
     2546.8300000000         0.0035793078
     2552.7000000000         0.0037025134
     2558.5900000000         0.0037174388
     2564.4800000000         0.0036634968
     2570.3900000000         0.0037483834
     2576.3200000000         0.0038176973
     2582.2600000000         0.0037884300
     2588.2100000000         0.0037579811
     2594.1800000000         0.0037265508
     2600.1600000000         0.0036625948
     2606.1500000000         0.0036010486
     2612.1600000000         0.0035700251
     2618.1800000000         0.0035950360
     2624.2200000000         0.0036695283
     2630.2700000000         0.0037334785
     2636.3300000000         0.0038162293
     2642.4100000000         0.0039719366
     2648.5000000000         0.0040684636
     2654.6100000000         0.0041213981
     2660.7200000000         0.0039198417
     2666.8600000000         0.0037937448
     2673.0100000000         0.0038787089
     2679.1700000000         0.0039077476
     2685.3400000000         0.0039034598
     2691.5300000000         0.0037856237
     2697.7400000000         0.0037450364
     2703.9600000000         0.0038012571
     2710.1900000000         0.0037141256
     2716.4400000000         0.0036214385
     2722.7000000000         0.0036045052
     2728.9800000000         0.0036581024
     2735.2700000000         0.0037365379
     2741.5700000000         0.0034702925
     2747.8900000000         0.0033449500
     2754.2300000000         0.0033847648
     2760.5800000000         0.0034498016
     2766.9400000000         0.0035213938
     2773.3200000000         0.0036004824
     2779.7100000000         0.0035331713
     2786.1200000000         0.0033740923
     2792.5400000000         0.0030262833
     2798.9800000000         0.0029581012
     2805.4300000000         0.0030760362
     2811.9000000000         0.0034001197
     2818.3800000000         0.0036054265
     2824.8800000000         0.0037026904
     2831.3900000000         0.0036177672
     2837.9200000000         0.0035377683
     2844.4600000000         0.0034678685
     2851.0200000000         0.0033838588
     2857.5900000000         0.0034096038
     2864.1800000000         0.0036047343
     2870.7800000000         0.0036443700
     2877.4000000000         0.0036479325
     2884.0300000000         0.0036270164
     2890.6800000000         0.0036266162
     2897.3400000000         0.0036701458
     2904.0200000000         0.0037878465
     2910.7200000000         0.0038864953
     2917.4300000000         0.0038328143
     2924.1500000000         0.0037794618
     2930.8900000000         0.0037296410
     2937.6500000000         0.0037011409
     2944.4200000000         0.0036727984
     2951.2100000000         0.0036517412
     2958.0100000000         0.0036636321
     2964.8300000000         0.0036754026
     2971.6700000000         0.0036831242
     2978.5200000000         0.0036785840
     2985.3800000000         0.0036740368
     2992.2600000000         0.0036725262
     2999.1600000000         0.0036771859
     3006.0800000000         0.0036817726
     3013.0100000000         0.0036836022
     3019.9500000000         0.0036818779
     3026.9100000000         0.0036801279
     3033.8900000000         0.0036769651
     3040.8900000000         0.0036726880
     3047.8900000000         0.0036684019
     3054.9200000000         0.0036696794
     3061.9600000000         0.0036732880
     3069.0200000000         0.0036768336
     3076.1000000000         0.0036735253
     3083.1900000000         0.0036691146
     3090.3000000000         0.0036650873
     3097.4200000000         0.0036701045
     3104.5600000000         0.0036750482
     3111.7200000000         0.0036723998
     3118.8900000000         0.0036459509
     3126.0800000000         0.0036196462
     3133.2800000000         0.0036044070
     3140.5100000000         0.0036022444
     3147.7500000000         0.0036000595
     3155.0000000000         0.0036022922
     3162.2800000000         0.0036064654
     3169.5700000000         0.0036105718
     3176.8700000000         0.0035469278
     3184.2000000000         0.0034794142
     3191.5400000000         0.0034342674
     3198.8900000000         0.0034719326
     3206.2700000000         0.0035093101
     3213.6600000000         0.0034964290
     3221.0700000000         0.0034328050
     3228.4900000000         0.0033695830
     3235.9400000000         0.0034221658
     3243.4000000000         0.0035035638
     3250.8700000000         0.0035802692
     3258.3700000000         0.0036254523
     3265.8800000000         0.0036702740
     3273.4100000000         0.0036873217
     3280.9500000000         0.0036710908
     3288.5200000000         0.0036549361
     3296.1000000000         0.0036378859
     3303.6900000000         0.0036206786
     3311.3100000000         0.0036047127
     3318.9400000000         0.0035944122
     3326.5900000000         0.0035841453
     3334.2600000000         0.0035656795
     3341.9500000000         0.0035407522
     3349.6500000000         0.0035159595
     3357.3800000000         0.0034348918
     3365.1200000000         0.0033517194
     3372.8700000000         0.0033075565
     3380.6500000000         0.0033289492
     3388.4400000000         0.0033501545
     3396.2500000000         0.0033570875
     3404.0800000000         0.0033604328
     3411.9300000000         0.0033629409
     3419.7900000000         0.0033630086
     3427.6800000000         0.0033630414
     3435.5800000000         0.0033693418
     3443.5000000000         0.0033781801
     3451.4400000000         0.0033849007
     3459.3900000000         0.0033824123
     3467.3700000000         0.0033799054
     3475.3600000000         0.0033981097
     3483.3700000000         0.0034263046
     3491.4000000000         0.0034534263
     3499.4500000000         0.0034763077
     3507.5200000000         0.0034989947
     3515.6000000000         0.0034715724
     3523.7100000000         0.0034222500
     3531.8300000000         0.0033970610
     3539.9700000000         0.0034537341
     3548.1300000000         0.0035099674
     3556.3100000000         0.0034092027
     3564.5100000000         0.0032628721
     3572.7300000000         0.0031620213
     3580.9600000000         0.0031510931
     3589.2200000000         0.0031402067
     3597.4900000000         0.0031987005
     3605.7900000000         0.0032639620
     3614.1000000000         0.0033045385
     3622.4300000000         0.0033199731
     3630.7800000000         0.0033360834
     3639.1500000000         0.0033600028
     3647.5400000000         0.0035064409
     3655.9500000000         0.0035501656
     3664.3700000000         0.0035459080
     3672.8200000000         0.0035085282
     3681.2900000000         0.0034054790
     3689.7800000000         0.0033031271
     3698.2800000000         0.0033937644
     3706.8100000000         0.0034889735
     3715.3500000000         0.0034412185
     3723.9200000000         0.0033090955
     3732.5000000000         0.0032794527
     3741.1100000000         0.0034965526
     3749.7300000000         0.0037121188
     3758.3700000000         0.0038438453
     3767.0400000000         0.0039720000
     3775.7200000000         0.0041364483
     3784.4200000000         0.0043189703
     3793.1500000000         0.0044837059
     3801.8900000000         0.0046180347
     3810.6600000000         0.0047073145
     3819.4400000000         0.0042532105
     3828.2500000000         0.0038022981
     3837.0700000000         0.0040790844
     3845.9200000000         0.0045332774
     3854.7800000000         0.0048063118
     3863.6700000000         0.0049259812
     3872.5700000000         0.0048672557
     3881.5000000000         0.0043732859
     3890.4500000000         0.0039395345
     3899.4200000000         0.0045759263
     3908.4100000000         0.0052080317
     3917.4200000000         0.0049082153
     3926.4500000000         0.0044119773
     3935.5000000000         0.0044212681
     3944.5700000000         0.0047539491
     3953.6700000000         0.0046466244
     3962.7800000000         0.0038933412
     3971.9200000000         0.0035145872
     3981.0700000000         0.0045283590
     3990.2500000000         0.0055133486
     3999.4500000000         0.0057081040
     4008.6700000000         0.0059014135
     4017.9100000000         0.0059089055
     4027.1700000000         0.0058852457
     4036.4500000000         0.0058524585
     4045.7600000000         0.0058157942
     4055.0900000000         0.0057391115
     4064.4300000000         0.0056294622
     4073.8000000000         0.0055306396
     4083.1900000000         0.0054472345
     4092.6100000000         0.0052942662
     4102.0400000000         0.0049598133
     4111.5000000000         0.0047481605
     4120.9800000000         0.0051781740
     4130.4700000000         0.0055864132
     4140.0000000000         0.0056374278
     4149.5400000000         0.0056880424
     4159.1100000000         0.0056868671
     4168.6900000000         0.0056830533
     4178.3000000000         0.0056600790
     4187.9400000000         0.0056341914
     4197.5900000000         0.0056317602
     4207.2600000000         0.0056356196
     4216.9600000000         0.0055861031
     4226.6900000000         0.0055159996
     4236.4300000000         0.0055200187
     4246.2000000000         0.0055618719
     4255.9800000000         0.0055143628
     4265.7900000000         0.0054106591
     4275.6300000000         0.0053326609
     4285.4800000000         0.0052738092
     4295.3600000000         0.0051355097
     4305.2600000000         0.0049310797
     4315.1900000000         0.0048650545
     4325.1400000000         0.0049242293
     4335.1100000000         0.0048615518
     4345.1000000000         0.0046839141
     4355.1200000000         0.0048645814
     4365.1600000000         0.0053848512
     4375.2200000000         0.0055708350
     4385.3100000000         0.0054493677
     4395.4200000000         0.0054235840
     4405.5500000000         0.0054799872
     4415.7000000000         0.0055379858
     4425.8800000000         0.0055970973
     4436.0800000000         0.0056293560
     4446.3100000000         0.0056435247
     4456.5600000000         0.0056852177
     4466.8300000000         0.0057420884
     4477.1300000000         0.0057698479
     4487.4500000000         0.0057846569
     4497.8000000000         0.0059481566
     4508.1700000000         0.0061589703
     4518.5600000000         0.0059957071
     4528.9700000000         0.0057538617
     4539.4100000000         0.0057632453
     4549.8800000000         0.0057996353
     4560.3700000000         0.0059388219
     4570.8800000000         0.0060559385
     4581.4200000000         0.0059294146
     4591.9800000000         0.0058363108
     4602.5600000000         0.0058847116
     4613.1800000000         0.0058947178
     4623.8100000000         0.0058158417
     4634.4700000000         0.0057813874
     4645.1500000000         0.0058078594
     4655.8600000000         0.0058512450
     4666.5900000000         0.0059084152
     4677.3500000000         0.0058849091
     4688.1300000000         0.0058243852
     4698.9400000000         0.0057309284
     4709.7700000000         0.0056311199
     4720.6300000000         0.0057200766
     4731.5100000000         0.0058061811
     4742.4200000000         0.0058534076
     4753.3500000000         0.0058770594
     4764.3100000000         0.0058481256
     4775.2900000000         0.0058249822
     4786.3000000000         0.0058079930
     4797.3300000000         0.0057773539
     4808.3900000000         0.0057399767
     4819.4800000000         0.0057493243
     4830.5900000000         0.0057479194
     4841.7200000000         0.0054163164
     4852.8800000000         0.0050833812
     4864.0700000000         0.0047424478
     4875.2800000000         0.0048169917
     4886.5200000000         0.0053532762
     4897.7900000000         0.0055411840
     4909.0800000000         0.0055741793
     4920.3900000000         0.0055243177
     4931.7400000000         0.0054914658
     4943.1100000000         0.0055914107
     4954.5000000000         0.0056363242
     4965.9200000000         0.0055979625
     4977.3700000000         0.0054777260
     4988.8400000000         0.0053129974
     5000.3400000000         0.0051758494
     5011.8700000000         0.0050839796
     5023.4300000000         0.0052061789
     5035.0000000000         0.0052624429
     5046.6100000000         0.0052330713
     5058.2500000000         0.0052917008
     5069.9100000000         0.0053858748
     5081.5900000000         0.0052610752
     5093.3100000000         0.0051813731
     5105.0500000000         0.0052189748
     5116.8200000000         0.0051828660
     5128.6100000000         0.0050937720
     5140.4400000000         0.0050065699
     5152.2900000000         0.0049102451
     5164.1600000000         0.0047733136
     5176.0700000000         0.0047302004
     5188.0000000000         0.0047765519
     5199.9600000000         0.0048812870
     5211.9500000000         0.0049962080
     5223.9600000000         0.0051058950
     5236.0000000000         0.0052013500
     5248.0700000000         0.0052826279
     5260.1700000000         0.0050628604
     5272.3000000000         0.0048928373
     5284.4500000000         0.0051720738
     5296.6300000000         0.0053586396
     5308.8400000000         0.0054680826
     5321.0800000000         0.0052176476
     5333.3500000000         0.0050630239
     5345.6400000000         0.0052590570
     5357.9600000000         0.0053144707
     5370.3200000000         0.0052922661
     5382.7000000000         0.0052254535
     5395.1000000000         0.0051647010
     5407.5400000000         0.0051123830
     5420.0100000000         0.0051269969
     5432.5000000000         0.0051657520
     5445.0200000000         0.0052359276
     5457.5800000000         0.0052204095
     5470.1600000000         0.0051501840
     5482.7700000000         0.0051593063
     5495.4100000000         0.0051478227
     5508.0800000000         0.0051090326
     5520.7700000000         0.0051570572
     5533.5000000000         0.0052099037
     5546.2600000000         0.0052354014
     5559.0400000000         0.0051990706
     5571.8500000000         0.0051372717
     5584.7000000000         0.0050745318
     5597.5700000000         0.0050950572
     5610.4800000000         0.0051691653
     5623.4100000000         0.0051374240
     5636.3800000000         0.0051314337
     5649.3700000000         0.0051517980
     5662.3900000000         0.0050822552
     5675.4500000000         0.0050691627
     5688.5300000000         0.0051405351
     5701.6400000000         0.0050667073
     5714.7900000000         0.0050806710
     5727.9600000000         0.0052784849
     5741.1600000000         0.0052099307
     5754.4000000000         0.0051398226
     5767.6600000000         0.0051631266
     5780.9600000000         0.0050746379
     5794.2900000000         0.0050302539
     5807.6400000000         0.0051277312
     5821.0300000000         0.0051999949
     5834.4500000000         0.0052140178
     5847.9000000000         0.0051223002
     5861.3800000000         0.0050974339
     5874.8900000000         0.0049940282
     5888.4400000000         0.0047314703
     5902.0100000000         0.0048894254
     5915.6100000000         0.0050164284
     5929.2500000000         0.0050229565
     5942.9200000000         0.0050136605
     5956.6200000000         0.0050273654
     5970.3500000000         0.0050639156
     5984.1200000000         0.0050051268
     5997.9100000000         0.0049539097
     6011.7300000000         0.0049219169
     6025.6000000000         0.0049844114
     6039.4800000000         0.0050318101
     6053.4100000000         0.0050587039
     6067.3600000000         0.0050441986
     6081.3500000000         0.0049519911
     6095.3700000000         0.0048847999
     6109.4200000000         0.0048862901
     6123.5000000000         0.0047395732
     6137.6200000000         0.0046981513
     6151.7700000000         0.0047292225
     6165.9500000000         0.0046066456
     6180.1600000000         0.0046797344
     6194.4100000000         0.0047740391
     6208.6900000000         0.0047436133
     6223.0000000000         0.0046557542
     6237.3500000000         0.0045585399
     6251.7300000000         0.0044853664
     6266.1400000000         0.0046125972
     6280.5800000000         0.0046762051
     6295.0600000000         0.0046733278
     6309.5700000000         0.0045902929
     6324.1200000000         0.0046195332
     6338.6900000000         0.0046261414
     6353.3100000000         0.0046134708
     6367.9500000000         0.0045947428
     6382.6300000000         0.0046336572
     6397.3500000000         0.0046258592
     6412.0900000000         0.0045746588
     6426.8800000000         0.0045979172
     6441.6900000000         0.0045806300
     6456.5400000000         0.0045612920
     6471.4200000000         0.0045471266
     6486.3400000000         0.0044779042
     6501.3000000000         0.0045244247
     6516.2800000000         0.0045628841
     6531.3000000000         0.0045279274
     6546.3600000000         0.0043777279
     6561.4500000000         0.0041289832
     6576.5800000000         0.0041262233
     6591.7400000000         0.0044467435
     6606.9300000000         0.0044986052
     6622.1600000000         0.0044904947
     6637.4300000000         0.0044762488
     6652.7300000000         0.0044598733
     6668.0700000000         0.0043908074
     6683.4400000000         0.0044198246
     6698.8500000000         0.0043737800
     6714.2900000000         0.0043119532
     6729.7600000000         0.0043795235
     6745.2800000000         0.0043254946
     6760.8300000000         0.0043178569
     6776.4100000000         0.0043083257
     6792.0400000000         0.0042727971
     6807.6900000000         0.0042803111
     6823.3800000000         0.0043042973
     6839.1100000000         0.0042692414
     6854.8800000000         0.0042270613
     6870.6800000000         0.0042680842
     6886.5200000000         0.0043048374
     6902.4000000000         0.0042983070
     6918.3100000000         0.0042752074
     6934.2600000000         0.0042518899
     6950.2400000000         0.0042397422
     6966.2600000000         0.0042679668
     6982.3200000000         0.0042610136
     6998.4200000000         0.0042212559
     7014.5500000000         0.0041949269
     7030.7200000000         0.0042516696
     7046.9300000000         0.0042655030
     7063.1800000000         0.0041956375
     7079.4600000000         0.0041102758
     7095.7700000000         0.0040305941
     7112.1400000000         0.0039586043
     7128.5300000000         0.0039031168
     7144.9600000000         0.0038909807
     7161.4300000000         0.0039061417
     7177.9400000000         0.0038838650
     7194.4900000000         0.0038475317
     7211.0700000000         0.0039092992
     7227.7000000000         0.0039576185
     7244.3600000000         0.0039773122
     7261.0600000000         0.0039895009
     7277.8000000000         0.0039694533
     7294.5700000000         0.0039493879
     7311.3900000000         0.0040171542
     7328.2500000000         0.0040248018
     7345.1400000000         0.0040464029
     7362.0700000000         0.0041012457
     7379.0400000000         0.0040977090
     7396.0500000000         0.0040514828
     7413.1000000000         0.0040545557
     7430.1900000000         0.0041204854
     7447.3200000000         0.0041207206
     7464.4900000000         0.0041536288
     7481.6900000000         0.0041581099
     7498.9400000000         0.0041695745
     7516.2300000000         0.0042061727
     7533.5500000000         0.0042448081
     7550.9200000000         0.0042638150
     7568.3300000000         0.0042424700
     7585.7700000000         0.0041819406
     7603.2600000000         0.0041231560
     7620.7900000000         0.0040623946
     7638.3600000000         0.0039997455
     7655.9600000000         0.0039101397
     7673.6100000000         0.0038106146
     7691.3000000000         0.0038702909
     7709.0300000000         0.0038098076
     7726.8100000000         0.0038103363
     7744.6200000000         0.0037899914
     7762.4700000000         0.0038020881
     7780.3600000000         0.0038321281
     7798.3000000000         0.0038446933
     7816.2800000000         0.0038280394
     7834.2900000000         0.0037941544
     7852.3600000000         0.0037620421
     7870.4600000000         0.0038065002
     7888.6000000000         0.0037523354
     7906.7900000000         0.0036819007
     7925.0100000000         0.0036768892
     7943.2800000000         0.0036579578
     7961.5900000000         0.0037117035
     7979.9500000000         0.0037567136
     7998.3400000000         0.0037660354
     8016.7800000000         0.0037834074
     8035.2600000000         0.0037866409
     8053.7800000000         0.0037905269
     8072.3500000000         0.0038134414
     8090.9600000000         0.0037747519
     8109.6100000000         0.0038040744
     8128.3000000000         0.0038888757
     8147.0400000000         0.0039232406
     8165.8200000000         0.0039502070
     8184.6500000000         0.0038812344
     8203.5100000000         0.0038182945
     8222.4300000000         0.0038140060
     8241.3800000000         0.0038197790
     8260.3800000000         0.0038386665
     8279.4200000000         0.0038379657
     8298.5100000000         0.0037623974
     8317.6300000000         0.0036822343
     8336.8100000000         0.0036683867
     8356.0300000000         0.0036715080
     8375.2900000000         0.0036543887
     8394.6000000000         0.0035953568
     8413.9500000000         0.0036404186
     8433.3500000000         0.0035038781
     8452.7900000000         0.0034483194
     8472.2700000000         0.0034496593
     8491.8000000000         0.0034716653
     8511.3800000000         0.0033322796
     8531.0000000000         0.0034786705
     8550.6700000000         0.0032380580
     8570.3800000000         0.0035837577
     8590.1400000000         0.0035015726
     8609.9400000000         0.0035279626
     8629.7800000000         0.0036432541
     8649.6700000000         0.0036353313
     8669.6200000000         0.0032811544
     8689.6000000000         0.0035525381
     8709.6300000000         0.0036827014
     8729.7100000000         0.0036913313
     8749.8400000000         0.0035693059
     8770.0000000000         0.0037037008
     8790.2300000000         0.0037644894
     8810.4900000000         0.0036982868
     8830.8000000000         0.0037258551
     8851.1500000000         0.0036711616
     8871.5600000000         0.0035038132
     8892.0100000000         0.0036383010
     8912.5100000000         0.0036811808
     8933.0500000000         0.0036224928
     8953.6500000000         0.0036317054
     8974.2800000000         0.0036352989
     8994.9800000000         0.0035798992
     9015.7100000000         0.0034833136
     9036.4900000000         0.0036448427
     9057.3300000000         0.0037458553
     9078.2000000000         0.0037091428
     9099.1300000000         0.0036845773
     9120.1000000000         0.0037444946
     9141.1300000000         0.0037622477
     9162.2000000000         0.0037448041
     9183.3200000000         0.0037615492
     9204.5000000000         0.0036554313
     9225.7100000000         0.0034869944
     9246.9800000000         0.0035045608
     9268.3000000000         0.0035539165
     9289.6600000000         0.0035316912
     9311.0800000000         0.0035568068
     9332.5400000000         0.0035547104
     9354.0600000000         0.0035321214
     9375.6200000000         0.0035017205
     9397.2300000000         0.0035105376
     9418.9000000000         0.0034995209
     9440.6100000000         0.0035223414
     9462.3700000000         0.0035430032
     9484.1800000000         0.0035733972
     9506.0500000000         0.0035221684
     9527.9600000000         0.0035003121
     9549.9200000000         0.0033646876
     9571.9400000000         0.0034772719
     9594.0000000000         0.0035455092
     9616.1200000000         0.0035116493
     9638.2900000000         0.0034979656
     9660.5100000000         0.0034636874
     9682.7700000000         0.0034954315
     9705.1000000000         0.0034800905
     9727.4700000000         0.0034416337
     9749.8900000000         0.0034204712
     9772.3700000000         0.0034286890
     9794.9000000000         0.0034065912
     9817.4800000000         0.0034517099
     9840.1100000000         0.0034402413
     9862.7900000000         0.0034335968
     9885.5300000000         0.0034195604
     9908.3200000000         0.0033953045
     9931.1600000000         0.0034098777
     9954.0500000000         0.0034123878
     9977.0000000000         0.0034069687
    10000.0000000000         0.0033872244
    10000.0000000000         0.0033872244
    10115.8000000000         0.0033459337
    10232.9400000000         0.0033243638
    10351.4200000000         0.0032617922
    10471.2900000000         0.0032192727
    10592.5400000000         0.0031326211
    10715.2000000000         0.0030758043
    10839.2700000000         0.0029968077
    10964.7800000000         0.0029337523
    11091.7500000000         0.0028919473
    11220.1900000000         0.0028507805
    11350.1000000000         0.0027899186
    11481.5400000000         0.0027714837
    11614.4900000000         0.0026874491
    11748.9800000000         0.0026612415
    11885.0200000000         0.0025763721
    12022.6400000000         0.0025503892
    12161.8600000000         0.0025293115
    12302.6900000000         0.0024762040
    12445.1400000000         0.0024264965
    12589.2500000000         0.0023800207
    12735.0300000000         0.0023408125
    12882.5000000000         0.0022884165
    13031.6600000000         0.0022537275
    13182.5600000000         0.0022029197
    13335.2100000000         0.0021582048
    13489.6300000000         0.0021212031
    13645.8400000000         0.0020718018
    13803.8400000000         0.0020672674
    13963.6800000000         0.0019669479
    14125.3800000000         0.0019290345
    14288.9500000000         0.0018947070
    14454.3900000000         0.0018974380
    14621.7700000000         0.0018655732
    14791.0900000000         0.0018455564
    14962.3600000000         0.0018558641
    15135.6100000000         0.0018540567
    15310.8700000000         0.0018566352
    15488.1700000000         0.0018369178
    15667.5200000000         0.0017774557
    15848.9200000000         0.0017084178
    16032.4500000000         0.0017380097
    16218.1000000000         0.0017312821
    16405.9000000000         0.0017142684
    16595.8600000000         0.0016996833
    16788.0400000000         0.0016481217
    16982.4400000000         0.0016237753
    17179.0900000000         0.0015668853
    17378.0000000000         0.0014895166
    17579.2300000000         0.0014465243
    17782.7900000000         0.0013845313
    17988.7100000000         0.0013250055
    18197.0200000000         0.0012687658
    18407.7100000000         0.0012270390
    18620.8700000000         0.0011791828
    18836.4900000000         0.0011399540
    19054.6200000000         0.0011111310
    19275.2400000000         0.0010701437
    19498.4400000000         0.0010200203
    19724.2300000000         0.0009852506
    19952.6300000000         0.0009569217
    20183.6600000000         0.0009312746
    20417.3800000000         0.0009049759
    20653.8000000000         0.0008766923
    20892.9700000000         0.0008496930
    21134.8800000000         0.0008272055
    21379.6200000000         0.0008078044
    21627.1900000000         0.0007747100
    21877.6200000000         0.0007536244
    22130.9400000000         0.0007296390
    22387.2100000000         0.0007013279
    22646.4400000000         0.0006743587
    22908.6800000000         0.0006017887
    23173.9300000000         0.0005739301
    23442.2800000000         0.0005309749
    23713.7400000000         0.0004979533
    23988.3400000000         0.0004711501
    24266.1100000000         0.0004440635
    24547.0800000000         0.0004080975
    24831.3300000000         0.0003702992
    25118.8700000000         0.0003528835
    25409.7400000000         0.0003493342
    25703.9500000000         0.0003463590
    26001.5900000000         0.0003380177
    26302.6800000000         0.0003273853
    26607.2600000000         0.0003171240
    26915.3400000000         0.0003104227
    27227.0100000000         0.0003057144
    27542.2900000000         0.0002965756
    27861.2200000000         0.0002875909
    28183.8200000000         0.0002776942
    28510.1800000000         0.0002703106
    28840.3200000000         0.0002612411
    29174.2800000000         0.0002535055
    29512.0800000000         0.0002448799
    29853.8200000000         0.0002371098
    30199.5200000000         0.0002299223
    30549.2200000000         0.0002224650
    30902.9400000000         0.0002161941
    31260.7900000000         0.0002104984
    31622.7800000000         0.0002064087
    31988.9600000000         0.0002259297
    32359.3500000000         0.0003200371
    32734.0600000000         0.0004790643
    33113.1100000000         0.0005212821
    33496.5500000000         0.0003635033
    33884.4300000000         0.0002169938
    34276.7700000000         0.0001674921
    34673.6800000000         0.0001565345
    35075.2000000000         0.0001510590
    35481.3600000000         0.0001455129
    35892.1800000000         0.0001399756
    36307.8000000000         0.0001354246
    36728.2300000000         0.0001301858
    37153.5400000000         0.0001250693
    37583.7200000000         0.0001202572
    38018.9300000000         0.0001163212
    38459.1800000000         0.0001127255
    38904.5300000000         0.0001085229
    39354.9900000000         0.0001047999
    39810.7100000000         0.0001006604
    40271.7100000000         0.0000977263
    40738.0400000000         0.0000943262
    41209.7300000000         0.0000913992
    41686.9300000000         0.0000880804
    42169.6500000000         0.0000853464
    42657.9600000000         0.0000828360
    43151.8800000000         0.0000753513
    43651.5700000000         0.0000713580
    44157.0400000000         0.0000675788
    44668.3700000000         0.0000651484
    45185.6200000000         0.0000635802
    45708.8000000000         0.0000628889
    46238.1000000000         0.0000615273
    46773.5200000000         0.0000608940
    47315.1500000000         0.0000602624
    47862.9900000000         0.0000592937
    48417.2300000000         0.0000587241
    48977.8900000000         0.0000577382
    49545.0400000000         0.0000569343
    50118.7000000000         0.0000562605
    50699.0600000000         0.0000554068
    51286.1400000000         0.0000546682
    51880.0200000000         0.0000540936
    52480.7200000000         0.0000534377
    53088.4300000000         0.0000526443
    53703.1800000000         0.0000521702
    54325.0500000000         0.0000516064
    54954.0600000000         0.0000512148
    55590.4100000000         0.0000508809
    56234.1300000000         0.0000505976
    56885.3100000000         0.0000504083
    57543.9600000000         0.0000499980
    58210.3000000000         0.0000495002
    58884.3600000000         0.0000489294
    59566.2300000000         0.0000483024
    60255.9900000000         0.0000517298
    60953.6700000000         0.0000620112
    61659.5000000000         0.0001027974
    62373.5000000000         0.0001608382
    63095.7600000000         0.0001168174
    63826.3200000000         0.0000746209
    64565.4100000000         0.0000564465
    65313.0600000000         0.0000481809
    66069.3700000000         0.0000507870
    66834.3600000000         0.0000515331
    67608.2900000000         0.0000512979
    68391.1700000000         0.0000490825
    69183.1200000000         0.0000557799
    69984.1600000000         0.0000661288
    70794.5600000000         0.0000597166
    71614.3400000000         0.0000640829
    72443.6200000000         0.0000668519
    73282.4100000000         0.0000764338
    74131.0100000000         0.0000925219
    74989.4200000000         0.0001199907
    75857.7800000000         0.0001442873
    76736.1000000000         0.0001562939
    77624.6900000000         0.0001460910
    78523.5600000000         0.0001388465
    79432.8400000000         0.0001183275
    80352.6500000000         0.0000918954
    81283.0200000000         0.0000767588
    82224.2600000000         0.0000663177
    83176.3900000000         0.0000642686
    84139.5500000000         0.0000638182
    85113.7700000000         0.0000670675
    86099.3700000000         0.0000739762
    87096.3700000000         0.0000670173
    88104.9200000000         0.0000471848
    89125.0500000000         0.0000343219
    90157.1000000000         0.0000270213
    91201.0900000000         0.0000220687
    92257.1700000000         0.0000199715
    93325.3800000000         0.0000197585
    94406.0700000000         0.0000193846
    95499.2700000000         0.0000176908
    96605.1200000000         0.0000189669
    97723.6700000000         0.0000182559
    98855.2800000000         0.0000157560
   100000.0000000000         0.0000142368
   101157.9700000000         0.0000149962
   102329.2400000000         0.0000151819
   103514.1900000000         0.0000152880
   104712.8500000000         0.0000173124
   105925.4000000000         0.0000216713
   107151.9800000000         0.0000215376
   108392.6600000000         0.0000223933
   109647.8100000000         0.0000277927
   110917.5000000000         0.0000382587
   112201.9000000000         0.0000686157
   113501.0400000000         0.0000760986
   114815.3400000000         0.0000523008
   116144.8800000000         0.0000379843
   117489.8000000000         0.0000327870
   118850.1700000000         0.0000330286
   120226.4200000000         0.0000355896
   121618.6100000000         0.0000338554
   123026.9200000000         0.0000366316
   124451.4000000000         0.0000391554
   125892.5200000000         0.0000438661
   127350.3100000000         0.0000557609
   128824.9900000000         0.0000489759
   130316.6100000000         0.0000297225
   131825.6400000000         0.0000264973
   133352.1400000000         0.0000260849
   134896.3300000000         0.0000255486
   136458.2300000000         0.0000261371
   138038.3900000000         0.0000235139
   139636.8300000000         0.0000235481
   141253.7800000000         0.0000235805
   142889.4700000000         0.0000235094
   144543.9200000000         0.0000234775
   146217.7000000000         0.0000234468
   147910.8600000000         0.0000234175
   149623.6200000000         0.0000233887
   151356.0600000000         0.0000233559
   153108.7200000000         0.0000233220
   154881.6900000000         0.0000232891
   156675.1700000000         0.0000232574
   158489.2500000000         0.0000232274
   160324.5200000000         0.0000231921
   162181.0300000000         0.0000231309
   164059.0300000000         0.0000230704
   165958.6100000000         0.0000230109
   167880.3600000000         0.0000229524
   169824.3800000000         0.0000228943
   171790.8900000000         0.0000228330
   173779.9800000000         0.0000227716
   175792.3100000000         0.0000227113
   177827.9400000000         0.0000226520
   179887.1400000000         0.0000225942
   181969.9800000000         0.0000225167
   184077.1400000000         0.0000224352
   186208.7000000000         0.0000223505
   188364.9500000000         0.0000222630
   190545.9500000000         0.0000221768
   192752.4200000000         0.0000221003
   194984.4400000000         0.0000220207
   197242.3100000000         0.0000219381
   199526.3100000000         0.0000218525
