        1.0000000000         0.0000000000
      316.2300000000         0.0000000000
      316.9600000000         0.0000000000
      317.6900000000         0.0000000000
      318.4200000000         0.0000000000
      319.1500000000         0.0000000000
      319.8900000000         0.0000000000
      320.6300000000         0.0000000000
      321.3700000000         0.0000000000
      322.1100000000         0.0000000000
      322.8500000000         0.0000000000
      323.5900000000         0.0000000000
      324.3400000000         0.0000000000
      325.0900000000         0.0000000000
      325.8400000000         0.0000000000
      326.5900000000         0.0000000000
      327.3400000000         0.0000000000
      328.1000000000         0.0000000000
      328.8500000000         0.0000000000
      329.6100000000         0.0000000000
      330.3700000000         0.0000000000
      331.1300000000         0.0000000000
      331.8900000000         0.0000000000
      332.6600000000         0.0000000000
      333.4300000000         0.0000000000
      334.1900000000         0.0000000000
      334.9700000000         0.0000000000
      335.7400000000         0.0000000000
      336.5100000000         0.0000000000
      337.2900000000         0.0000000000
      338.0600000000         0.0000000000
      338.8400000000         0.0000000000
      339.6300000000         0.0000000000
      340.4100000000         0.0000000000
      341.1900000000         0.0000000000
      341.9800000000         0.0000000000
      342.7700000000         0.0000000000
      343.5600000000         0.0000000000
      344.3500000000         0.0000000000
      345.1400000000         0.0000000000
      345.9400000000         0.0000000000
      346.7400000000         0.0000000000
      347.5400000000         0.0000000000
      348.3400000000         0.0000000000
      349.1400000000         0.0000000000
      349.9500000000         0.0000000000
      350.7500000000         0.0000000000
      351.5600000000         0.0000000000
      352.3700000000         0.0000000000
      353.1800000000         0.0000000000
      354.0000000000         0.0000000000
      354.8100000000         0.0000000000
      355.6300000000         0.0000000000
      356.4500000000         0.0000000000
      357.2700000000         0.0000000000
      358.1000000000         0.0000000000
      358.9200000000         0.0000000000
      359.7500000000         0.0000000000
      360.5800000000         0.0000000000
      361.4100000000         0.0000000000
      362.2400000000         0.0000000000
      363.0800000000         0.0000000000
      363.9200000000         0.0000000000
      364.7500000000         0.0000000000
      365.5900000000         0.0000000000
      366.4400000000         0.0000000000
      367.2800000000         0.0000000000
      368.1300000000         0.0000000000
      368.9800000000         0.0000000000
      369.8300000000         0.0000000000
      370.6800000000         0.0000000000
      371.5400000000         0.0000000000
      372.3900000000         0.0000000000
      373.2500000000         0.0000000000
      374.1100000000         0.0000000000
      374.9700000000         0.0000000000
      375.8400000000         0.0000000000
      376.7000000000         0.0000000000
      377.5700000000         0.0000000000
      378.4400000000         0.0000000000
      379.3100000000         0.0000000000
      380.1900000000         0.0000000000
      381.0700000000         0.0000000000
      381.9400000000         0.0000000000
      382.8200000000         0.0000000000
      383.7100000000         0.0000000000
      384.5900000000         0.0000000000
      385.4800000000         0.0000000000
      386.3700000000         0.0000000000
      387.2600000000         0.0000000000
      388.1500000000         0.0000000000
      389.0500000000         0.0000000000
      389.9400000000         0.0000000000
      390.8400000000         0.0000000000
      391.7400000000         0.0000000000
      392.6500000000         0.0000000000
      393.5500000000         0.0000000000
      394.4600000000         0.0000000000
      395.3700000000         0.0000000000
      396.2800000000         0.0000000000
      397.1900000000         0.0000000000
      398.1100000000         0.0000000000
      399.0200000000         0.0000000000
      399.9400000000         0.0000000000
      400.8700000000         0.0000000000
      401.7900000000         0.0000000000
      402.7200000000         0.0000000000
      403.6500000000         0.0000000000
      404.5800000000         0.0000000000
      405.5100000000         0.0000000000
      406.4400000000         0.0000000000
      407.3800000000         0.0000000000
      408.3200000000         0.0000000000
      409.2600000000         0.0000000000
      410.2000000000         0.0000000000
      411.1500000000         0.0000000000
      412.1000000000         0.0000000000
      413.0500000000         0.0000000000
      414.0000000000         0.0000000000
      414.9500000000         0.0000000000
      415.9100000000         0.0000000000
      416.8700000000         0.0000000000
      417.8300000000         0.0000000000
      418.7900000000         0.0000000000
      419.7600000000         0.0000000000
      420.7300000000         0.0000000000
      421.7000000000         0.0000000000
      422.6700000000         0.0000000000
      423.6400000000         0.0000000000
      424.6200000000         0.0000000000
      425.6000000000         0.0000000000
      426.5800000000         0.0000000000
      427.5600000000         0.0000000000
      428.5500000000         0.0000000000
      429.5400000000         0.0000000000
      430.5300000000         0.0000000000
      431.5200000000         0.0000000000
      432.5100000000         0.0000000000
      433.5100000000         0.0000000000
      434.5100000000         0.0000000000
      435.5100000000         0.0000000000
      436.5200000000         0.0000000000
      437.5200000000         0.0000000000
      438.5300000000         0.0000000000
      439.5400000000         0.0000000000
      440.5500000000         0.0000000000
      441.5700000000         0.0000000000
      442.5900000000         0.0000000000
      443.6100000000         0.0000000000
      444.6300000000         0.0000000000
      445.6600000000         0.0000000000
      446.6800000000         0.0000000000
      447.7100000000         0.0000000000
      448.7500000000         0.0000000000
      449.7800000000         0.0000000000
      450.8200000000         0.0000000000
      451.8600000000         0.0000000000
      452.9000000000         0.0000000000
      453.9400000000         0.0000000000
      454.9900000000         0.0000000000
      456.0400000000         0.0000000000
      457.0900000000         0.0000000000
      458.1400000000         0.0000000000
      459.2000000000         0.0000000000
      460.2600000000         0.0000000000
      461.3200000000         0.0000000000
      462.3800000000         0.0000000000
      463.4500000000         0.0000000000
      464.5200000000         0.0000000000
      465.5900000000         0.0000000000
      466.6600000000         0.0000000000
      467.7400000000         0.0000000000
      468.8100000000         0.0000000000
      469.8900000000         0.0000000000
      470.9800000000         0.0000000000
      472.0600000000         0.0000000000
      473.1500000000         0.0000000000
      474.2400000000         0.0000000000
      475.3400000000         0.0000000000
      476.4300000000         0.0000000000
      477.5300000000         0.0000000000
      478.6300000000         0.0000000000
      479.7300000000         0.0000000000
      480.8400000000         0.0000000000
      481.9500000000         0.0000000000
      483.0600000000         0.0000000000
      484.1700000000         0.0000000000
      485.2900000000         0.0000000000
      486.4100000000         0.0000000000
      487.5300000000         0.0000000000
      488.6500000000         0.0000000000
      489.7800000000         0.0000000000
      490.9100000000         0.0000000000
      492.0400000000         0.0000000000
      493.1700000000         0.0000000000
      494.3100000000         0.0000000000
      495.4500000000         0.0000000000
      496.5900000000         0.0000000000
      497.7400000000         0.0000000000
      498.8800000000         0.0000000000
      500.0300000000         0.0000000000
      501.1900000000         0.0000000000
      502.3400000000         0.0000000000
      503.5000000000         0.0000000000
      504.6600000000         0.0000000000
      505.8200000000         0.0000000000
      506.9900000000         0.0000000000
      508.1600000000         0.0000000000
      509.3300000000         0.0000000000
      510.5000000000         0.0000000000
      511.6800000000         0.0000000000
      512.8600000000         0.0000000000
      514.0400000000         0.0000000000
      515.2300000000         0.0000000000
      516.4200000000         0.0000000000
      517.6100000000         0.0000000000
      518.8000000000         0.0000000000
      520.0000000000         0.0000000000
      521.1900000000         0.0000000000
      522.4000000000         0.0000000000
      523.6000000000         0.0000000000
      524.8100000000         0.0000000000
      526.0200000000         0.0000000000
      527.2300000000         0.0000000000
      528.4500000000         0.0000000000
      529.6600000000         0.0000000000
      530.8800000000         0.0000000000
      532.1100000000         0.0000000000
      533.3300000000         0.0000000000
      534.5600000000         0.0000000000
      535.8000000000         0.0000000000
      537.0300000000         0.0000000000
      538.2700000000         0.0000000000
      539.5100000000         0.0000000000
      540.7500000000         0.0000000000
      542.0000000000         0.0000000000
      543.2500000000         0.0000000000
      544.5000000000         0.0000000000
      545.7600000000         0.0000000000
      547.0200000000         0.0000000000
      548.2800000000         0.0000000000
      549.5400000000         0.0000000000
      550.8100000000         0.0000000000
      552.0800000000         0.0000000000
      553.3500000000         0.0000000000
      554.6300000000         0.0000000000
      555.9000000000         0.0000000000
      557.1900000000         0.0000000000
      558.4700000000         0.0000000000
      559.7600000000         0.0000000000
      561.0500000000         0.0000000000
      562.3400000000         0.0000000000
      563.6400000000         0.0000000000
      564.9400000000         0.0000000000
      566.2400000000         0.0000000000
      567.5400000000         0.0000000000
      568.8500000000         0.0000000000
      570.1600000000         0.0000000000
      571.4800000000         0.0000000000
      572.8000000000         0.0000000000
      574.1200000000         0.0000000000
      575.4400000000         0.0000000000
      576.7700000000         0.0000000000
      578.1000000000         0.0000000000
      579.4300000000         0.0000000000
      580.7600000000         0.0000000000
      582.1000000000         0.0000000000
      583.4500000000         0.0000000000
      584.7900000000         0.0000000000
      586.1400000000         0.0000000000
      587.4900000000         0.0000000000
      588.8400000000         0.0000000000
      590.2000000000         0.0000000000
      591.5600000000         0.0000000000
      592.9300000000         0.0000000000
      594.2900000000         0.0000000000
      595.6600000000         0.0000000000
      597.0400000000         0.0000000000
      598.4100000000         0.0000000000
      599.7900000000         0.0000000000
      601.1700000000         0.0000000000
      602.5600000000         0.0000000000
      603.9500000000         0.0000000000
      605.3400000000         0.0000000000
      606.7400000000         0.0000000000
      608.1300000000         0.0000000000
      609.5400000000         0.0000000000
      610.9400000000         0.0000000000
      612.3500000000         0.0000000000
      613.7600000000         0.0000000000
      615.1800000000         0.0000000000
      616.5900000000         0.0000000000
      618.0200000000         0.0000000000
      619.4400000000         0.0000000000
      620.8700000000         0.0000000000
      622.3000000000         0.0000000000
      623.7300000000         0.0000000000
      625.1700000000         0.0000000000
      626.6100000000         0.0000000000
      628.0600000000         0.0000000000
      629.5100000000         0.0000000000
      630.9600000000         0.0000000000
      632.4100000000         0.0000000000
      633.8700000000         0.0000000000
      635.3300000000         0.0000000000
      636.8000000000         0.0000000000
      638.2600000000         0.0000000000
      639.7300000000         0.0000000000
      641.2100000000         0.0000000000
      642.6900000000         0.0000000000
      644.1700000000         0.0000000000
      645.6500000000         0.0000000000
      647.1400000000         0.0000000000
      648.6300000000         0.0000000000
      650.1300000000         0.0000000000
      651.6300000000         0.0000000000
      653.1300000000         0.0000000000
      654.6400000000         0.0000000000
      656.1500000000         0.0000000000
      657.6600000000         0.0000000000
      659.1700000000         0.0000000000
      660.6900000000         0.0000000000
      662.2200000000         0.0000000000
      663.7400000000         0.0000000000
      665.2700000000         0.0000000000
      666.8100000000         0.0000000000
      668.3400000000         0.0000000000
      669.8800000000         0.0000000000
      671.4300000000         0.0000000000
      672.9800000000         0.0000000000
      674.5300000000         0.0000000000
      676.0800000000         0.0000000000
      677.6400000000         0.0000000000
      679.2000000000         0.0000000000
      680.7700000000         0.0000000000
      682.3400000000         0.0000000000
      683.9100000000         0.0000000000
      685.4900000000         0.0000000000
      687.0700000000         0.0000000000
      688.6500000000         0.0000000000
      690.2400000000         0.0000000000
      691.8300000000         0.0000000000
      693.4300000000         0.0000000000
      695.0200000000         0.0000000000
      696.6300000000         0.0000000000
      698.2300000000         0.0000000000
      699.8400000000         0.0000000000
      701.4600000000         0.0000000000
      703.0700000000         0.0000000000
      704.6900000000         0.0000000000
      706.3200000000         0.0000000000
      707.9500000000         0.0000000000
      709.5800000000         0.0000000000
      711.2100000000         0.0000000000
      712.8500000000         0.0000000000
      714.5000000000         0.0000000000
      716.1400000000         0.0000000000
      717.7900000000         0.0000000000
      719.4500000000         0.0000000000
      721.1100000000         0.0000000000
      722.7700000000         0.0000000000
      724.4400000000         0.0000000000
      726.1100000000         0.0000000000
      727.7800000000         0.0000000000
      729.4600000000         0.0000000000
      731.1400000000         0.0000000000
      732.8200000000         0.0000000000
      734.5100000000         0.0000000000
      736.2100000000         0.0000000000
      737.9000000000         0.0000000000
      739.6100000000         0.0000000000
      741.3100000000         0.0000000000
      743.0200000000         0.0000000000
      744.7300000000         0.0000000000
      746.4500000000         0.0000000000
      748.1700000000         0.0000000000
      749.8900000000         0.0000000000
      751.6200000000         0.0000000000
      753.3600000000         0.0000000000
      755.0900000000         0.0000000000
      756.8300000000         0.0000000000
      758.5800000000         0.0000000000
      760.3300000000         0.0000000000
      762.0800000000         0.0000000000
      763.8400000000         0.0000000000
      765.6000000000         0.0000000000
      767.3600000000         0.0000000000
      769.1300000000         0.0000000000
      770.9000000000         0.0000000000
      772.6800000000         0.0000000000
      774.4600000000         0.0000000000
      776.2500000000         0.0000000000
      778.0400000000         0.0000000000
      779.8300000000         0.0000000000
      781.6300000000         0.0000000000
      783.4300000000         0.0000000000
      785.2400000000         0.0000000000
      787.0500000000         0.0000000000
      788.8600000000         0.0000000000
      790.6800000000         0.0000000000
      792.5000000000         0.0000000000
      794.3300000000         0.0000000000
      796.1600000000         0.0000000000
      797.9900000000         0.0000000000
      799.8300000000         0.0000000000
      801.6800000000         0.0000000000
      803.5300000000         0.0000000000
      805.3800000000         0.0000000000
      807.2400000000         0.0000000000
      809.1000000000         0.0000000000
      810.9600000000         0.0000000000
      812.8300000000         0.0000000000
      814.7000000000         0.0000000000
      816.5800000000         0.0000000000
      818.4600000000         0.0000000000
      820.3500000000         0.0000000000
      822.2400000000         0.0000000000
      824.1400000000         0.0000000000
      826.0400000000         0.0000000000
      827.9400000000         0.0000000000
      829.8500000000         0.0000000000
      831.7600000000         0.0000000000
      833.6800000000         0.0000000000
      835.6000000000         0.0000000000
      837.5300000000         0.0000000000
      839.4600000000         0.0000000000
      841.4000000000         0.0000000000
      843.3300000000         0.0000000000
      845.2800000000         0.0000000000
      847.2300000000         0.0000000000
      849.1800000000         0.0000000000
      851.1400000000         0.0000000000
      853.1000000000         0.0000000000
      855.0700000000         0.0000000000
      857.0400000000         0.0000000000
      859.0100000000         0.0000000000
      860.9900000000         0.0000000000
      862.9800000000         0.0000000000
      864.9700000000         0.0000000000
      866.9600000000         0.0000000000
      868.9600000000         0.0000000000
      870.9600000000         0.0000000000
      872.9700000000         0.0000000000
      874.9800000000         0.0000000000
      877.0000000000         0.0000000000
      879.0200000000         0.0000000000
      881.0500000000         0.0000000000
      883.0800000000         0.0000000000
      885.1200000000         0.0000000000
      887.1600000000         0.0000000000
      889.2000000000         0.0000000000
      891.2500000000         0.0000000000
      893.3100000000         0.0000000000
      895.3600000000         0.0000000000
      897.4300000000         0.0000000000
      899.5000000000         0.0000000000
      901.5700000000         0.0000000000
      903.6500000000         0.0000000000
      905.7300000000         0.0000000000
      907.8200000000         0.0000000000
      909.9100000000         0.0000000000
      912.0100000000         0.0001315089
      914.1100000000         0.0002677533
      916.2200000000         0.0004030594
      918.3300000000         0.0005374586
      920.4500000000         0.0006708969
      922.5700000000         0.0008034097
      924.7000000000         0.0009350354
      926.8300000000         0.0010657100
      928.9700000000         0.0011954757
      931.1100000000         0.0013243367
      933.2500000000         0.0014523226
      935.4100000000         0.0015793863
      937.5600000000         0.0017055579
      939.7200000000         0.0018308698
      941.8900000000         0.0019552729
      944.0600000000         0.0020787993
      946.2400000000         0.0022014810
      948.4200000000         0.0023232673
      950.6000000000         0.0024441890
      952.8000000000         0.0025642540
      954.9900000000         0.0026834928
      957.1900000000         0.0028018558
      959.4000000000         0.0029193712
      961.6100000000         0.0030360781
      963.8300000000         0.0031519213
      966.0500000000         0.0032669327
      968.2800000000         0.0033811452
      970.5100000000         0.0034945079
      972.7500000000         0.0036070521
      974.9900000000         0.0037188129
      977.2400000000         0.0038297381
      979.4900000000         0.0039398605
      981.7500000000         0.0040491796
      984.0100000000         0.0041577313
      986.2800000000         0.0042654676
      988.5500000000         0.0043724151
      990.8300000000         0.0044786064
      993.1200000000         0.0045839935
      995.4100000000         0.0046886061
      997.7000000000         0.0047924756
     1000.0000000000         0.0048955525
     1002.3100000000         0.0049978695
     1004.6200000000         0.0050994297
     1006.9300000000         0.0050746901
     1009.2500000000         0.0050251381
     1011.5800000000         0.0049758749
     1013.9100000000         0.0049268859
     1016.2500000000         0.0045512202
     1018.5900000000         0.0038936858
     1020.9400000000         0.0032404752
     1023.2900000000         0.0025918907
     1025.6500000000         0.0022058510
     1028.0200000000         0.0024970032
     1030.3900000000         0.0027860554
     1032.7600000000         0.0030730923
     1035.1400000000         0.0033876328
     1037.5300000000         0.0041648205
     1039.9200000000         0.0049364534
     1042.3200000000         0.0057027163
     1044.7200000000         0.0064638266
     1047.1300000000         0.0065351166
     1049.5400000000         0.0065161395
     1051.9600000000         0.0064972187
     1054.3900000000         0.0064783650
     1056.8200000000         0.0062159533
     1059.2500000000         0.0058732936
     1061.7000000000         0.0055328617
     1064.1400000000         0.0051947688
     1066.6000000000         0.0052395430
     1069.0500000000         0.0054879324
     1071.5200000000         0.0057345126
     1073.9900000000         0.0059793158
     1076.4700000000         0.0058768359
     1078.9500000000         0.0055372147
     1081.4300000000         0.0051998701
     1083.9300000000         0.0048647914
     1086.4300000000         0.0049596368
     1088.9300000000         0.0053750151
     1091.4400000000         0.0057874913
     1093.9600000000         0.0061971378
     1096.4800000000         0.0063351067
     1099.0100000000         0.0062827785
     1101.5400000000         0.0062307338
     1104.0800000000         0.0061789895
     1106.6200000000         0.0061168303
     1109.1800000000         0.0060489499
     1111.7300000000         0.0059814928
     1114.2900000000         0.0059144348
     1116.8600000000         0.0057943766
     1119.4400000000         0.0056548747
     1122.0200000000         0.0055163088
     1124.6000000000         0.0053786375
     1127.2000000000         0.0056863874
     1129.8000000000         0.0060716523
     1132.4000000000         0.0064541996
     1135.0100000000         0.0068317950
     1137.6300000000         0.0066554649
     1140.2500000000         0.0064802798
     1142.8800000000         0.0063062371
     1145.5100000000         0.0061903382
     1148.1500000000         0.0063106436
     1150.8000000000         0.0064300559
     1153.4500000000         0.0065486040
     1156.1100000000         0.0066452250
     1158.7800000000         0.0067119524
     1161.4500000000         0.0067781643
     1164.1300000000         0.0068438351
     1166.8100000000         0.0064898334
     1169.5000000000         0.0059360331
     1172.2000000000         0.0053861253
     1174.9000000000         0.0048399703
     1177.6100000000         0.0052876989
     1180.3200000000         0.0057713198
     1183.0400000000         0.0062514371
     1185.7700000000         0.0064127753
     1188.5000000000         0.0057706926
     1191.2400000000         0.0051331013
     1193.9900000000         0.0044998648
     1196.7400000000         0.0040530232
     1199.5000000000         0.0037150385
     1202.2600000000         0.0033793277
     1205.0400000000         0.0030465028
     1207.8100000000         0.0027614476
     1210.6000000000         0.0024783802
     1213.3900000000         0.0021972430
     1216.1900000000         0.0023019041
     1218.9900000000         0.0029260777
     1221.8000000000         0.0035459255
     1224.6200000000         0.0041616275
     1227.4400000000         0.0048582456
     1230.2700000000         0.0055634002
     1233.1000000000         0.0062636281
     1235.9500000000         0.0068024737
     1238.8000000000         0.0070247138
     1241.6500000000         0.0072453530
     1244.5100000000         0.0074644526
     1247.3800000000         0.0074117528
     1250.2600000000         0.0073044538
     1253.1400000000         0.0071977857
     1256.0300000000         0.0070030671
     1258.9300000000         0.0066498355
     1261.8300000000         0.0062988866
     1264.7400000000         0.0059503731
     1267.6500000000         0.0064713000
     1270.5700000000         0.0070746229
     1273.5000000000         0.0076738382
     1276.4400000000         0.0080426112
     1279.3800000000         0.0081740795
     1282.3300000000         0.0083045810
     1285.2900000000         0.0083667096
     1288.2500000000         0.0078024366
     1291.2200000000         0.0072418279
     1294.2000000000         0.0066851410
     1297.1800000000         0.0064939200
     1300.1700000000         0.0064371382
     1303.1700000000         0.0063806642
     1306.1700000000         0.0065570064
     1309.1800000000         0.0070953006
     1312.2000000000         0.0076299245
     1315.2200000000         0.0081135388
     1318.2600000000         0.0080077322
     1321.3000000000         0.0079025393
     1324.3400000000         0.0077980156
     1327.3900000000         0.0075227423
     1330.4500000000         0.0072021810
     1333.5200000000         0.0068838112
     1336.6000000000         0.0069712331
     1339.6800000000         0.0074312235
     1342.7700000000         0.0078880722
     1345.8600000000         0.0081881350
     1348.9600000000         0.0080882460
     1352.0700000000         0.0079889344
     1355.1900000000         0.0078780521
     1358.3100000000         0.0075797173
     1361.4400000000         0.0072832876
     1364.5800000000         0.0069888802
     1367.7300000000         0.0070688236
     1370.8800000000         0.0072049070
     1374.0400000000         0.0073400126
     1377.2100000000         0.0073975404
     1380.3800000000         0.0074214824
     1383.5700000000         0.0074451868
     1386.7600000000         0.0073033585
     1389.9500000000         0.0070277941
     1393.1600000000         0.0067539834
     1396.3700000000         0.0066279382
     1399.5900000000         0.0066987392
     1402.8100000000         0.0067689992
     1406.0500000000         0.0068138018
     1409.2900000000         0.0068064104
     1412.5400000000         0.0067989980
     1415.7900000000         0.0068115066
     1419.0600000000         0.0068855728
     1422.3300000000         0.0069590551
     1425.6100000000         0.0070105009
     1428.8900000000         0.0069673406
     1432.1900000000         0.0069244043
     1435.4900000000         0.0069174888
     1438.8000000000         0.0071157110
     1442.1200000000         0.0073091723
     1445.4400000000         0.0074091624
     1448.7700000000         0.0073996759
     1452.1100000000         0.0072946372
     1455.4600000000         0.0071760123
     1458.8100000000         0.0069686212
     1462.1800000000         0.0067626312
     1465.5500000000         0.0065874974
     1468.9300000000         0.0065653273
     1472.3100000000         0.0065432447
     1475.7100000000         0.0065353950
     1479.1100000000         0.0065812557
     1482.5200000000         0.0066267410
     1485.9400000000         0.0066722380
     1489.3600000000         0.0067184167
     1492.7900000000         0.0067642187
     1496.2400000000         0.0067456854
     1499.6800000000         0.0066133328
     1503.1400000000         0.0064817937
     1506.6100000000         0.0062365946
     1510.0800000000         0.0058609000
     1513.5600000000         0.0057938821
     1517.0500000000         0.0060966499
     1520.5500000000         0.0059718662
     1524.0500000000         0.0058478783
     1527.5700000000         0.0056099696
     1531.0900000000         0.0053314511
     1534.6200000000         0.0050547891
     1538.1500000000         0.0052212225
     1541.7000000000         0.0054399162
     1545.2500000000         0.0056319465
     1548.8200000000         0.0054972777
     1552.3900000000         0.0053635072
     1555.9700000000         0.0052676350
     1559.5500000000         0.0052723754
     1563.1500000000         0.0052770292
     1566.7500000000         0.0053359992
     1570.3600000000         0.0054519312
     1573.9800000000         0.0055670333
     1577.6100000000         0.0056757433
     1581.2500000000         0.0057814987
     1584.8900000000         0.0058864909
     1588.5500000000         0.0059327735
     1592.2100000000         0.0059769386
     1595.8800000000         0.0059952191
     1599.5600000000         0.0059324824
     1603.2500000000         0.0058701136
     1606.9400000000         0.0058425604
     1610.6500000000         0.0058462140
     1614.3600000000         0.0058497791
     1618.0800000000         0.0057308530
     1621.8100000000         0.0055872090
     1625.5500000000         0.0054845889
     1629.3000000000         0.0056150374
     1633.0500000000         0.0057445546
     1636.8200000000         0.0058256257
     1640.5900000000         0.0058552912
     1644.3700000000         0.0058846911
     1648.1600000000         0.0057168789
     1651.9600000000         0.0055111409
     1655.7700000000         0.0053895605
     1659.5900000000         0.0055950484
     1663.4100000000         0.0057990109
     1667.2500000000         0.0056460975
     1671.0900000000         0.0052435487
     1674.9400000000         0.0055570039
     1678.8000000000         0.0059080482
     1682.6700000000         0.0060517304
     1686.5500000000         0.0060714716
     1690.4400000000         0.0059073265
     1694.3400000000         0.0057442519
     1698.2400000000         0.0056249411
     1702.1600000000         0.0055151312
     1706.0800000000         0.0054000001
     1710.0200000000         0.0052698036
     1713.9600000000         0.0051404811
     1717.9100000000         0.0050892686
     1721.8700000000         0.0050659990
     1725.8400000000         0.0050739790
     1729.8200000000         0.0051979427
     1733.8000000000         0.0053209974
     1737.8000000000         0.0053107361
     1741.8100000000         0.0052440506
     1745.8200000000         0.0052205599
     1749.8500000000         0.0053631356
     1753.8800000000         0.0055046431
     1757.9200000000         0.0053764223
     1761.9800000000         0.0051462897
     1766.0400000000         0.0049903188
     1770.1100000000         0.0050463756
     1774.1900000000         0.0051019946
     1778.2800000000         0.0051302705
     1782.3800000000         0.0051516509
     1786.4900000000         0.0052161510
     1790.6100000000         0.0053563924
     1794.7300000000         0.0054955748
     1798.8700000000         0.0054664183
     1803.0200000000         0.0054258951
     1807.1700000000         0.0053072148
     1811.3400000000         0.0051179817
     1815.5200000000         0.0049561663
     1819.7000000000         0.0049809022
     1823.9000000000         0.0050054155
     1828.1000000000         0.0049344115
     1832.3100000000         0.0048299409
     1836.5400000000         0.0046970085
     1840.7700000000         0.0045141587
     1845.0200000000         0.0043331138
     1849.2700000000         0.0043247654
     1853.5300000000         0.0043164287
     1857.8000000000         0.0043440233
     1862.0900000000         0.0043901387
     1866.3800000000         0.0044716727
     1870.6800000000         0.0046279933
     1874.9900000000         0.0047832266
     1879.3200000000         0.0046049198
     1883.6500000000         0.0044273725
     1887.9900000000         0.0043123425
     1892.3400000000         0.0042257532
     1896.7100000000         0.0042080833
     1901.0800000000         0.0042967680
     1905.4600000000         0.0043672221
     1909.8500000000         0.0042880336
     1914.2600000000         0.0042093252
     1918.6700000000         0.0041611819
     1923.0900000000         0.0041194027
     1927.5200000000         0.0041197608
     1931.9700000000         0.0041516814
     1936.4200000000         0.0041966774
     1940.8900000000         0.0042697093
     1945.3600000000         0.0043257228
     1949.8400000000         0.0041934135
     1954.3400000000         0.0040619732
     1958.8400000000         0.0041587362
     1963.3600000000         0.0042937542
     1967.8900000000         0.0044107358
     1972.4200000000         0.0044569303
     1976.9700000000         0.0044603837
     1981.5300000000         0.0043077422
     1986.0900000000         0.0041960273
     1990.6700000000         0.0041320543
     1995.2600000000         0.0040746168
     1999.8600000000         0.0041183750
     2004.4700000000         0.0041617984
     2009.0900000000         0.0040915431
     2013.7200000000         0.0040071481
     2018.3700000000         0.0040437286
     2023.0200000000         0.0041255984
     2027.6800000000         0.0040976359
     2032.3600000000         0.0039893650
     2037.0400000000         0.0039587794
     2041.7400000000         0.0040278104
     2046.4400000000         0.0040464043
     2051.1600000000         0.0039522834
     2055.8900000000         0.0038754640
     2060.6300000000         0.0038708225
     2065.3800000000         0.0038772530
     2070.1400000000         0.0040106243
     2074.9100000000         0.0040767048
     2079.7000000000         0.0039709150
     2084.4900000000         0.0040624444
     2089.3000000000         0.0039664288
     2094.1100000000         0.0038489450
     2098.9400000000         0.0038248270
     2103.7800000000         0.0038216680
     2108.6300000000         0.0038280326
     2113.4900000000         0.0038375214
     2118.3600000000         0.0038526026
     2123.2400000000         0.0038700944
     2128.1400000000         0.0037753596
     2133.0400000000         0.0036186322
     2137.9600000000         0.0035886916
     2142.8900000000         0.0036417111
     2147.8300000000         0.0036977383
     2152.7800000000         0.0037558554
     2157.7400000000         0.0037402718
     2162.7200000000         0.0036656321
     2167.7000000000         0.0036165372
     2172.7000000000         0.0035888238
     2177.7100000000         0.0035583603
     2182.7300000000         0.0035256206
     2187.7600000000         0.0035544443
     2192.8000000000         0.0036333755
     2197.8600000000         0.0036299548
     2202.9300000000         0.0035638837
     2208.0000000000         0.0034748649
     2213.0900000000         0.0033703130
     2218.2000000000         0.0032956619
     2223.3100000000         0.0032388486
     2228.4400000000         0.0033082436
     2233.5700000000         0.0034388998
     2238.7200000000         0.0034115305
     2243.8800000000         0.0033241643
     2249.0500000000         0.0032460198
     2254.2400000000         0.0031707885
     2259.4400000000         0.0031926825
     2264.6400000000         0.0032309496
     2269.8600000000         0.0032829875
     2275.1000000000         0.0033357418
     2280.3400000000         0.0033924696
     2285.6000000000         0.0034307188
     2290.8700000000         0.0033286463
     2296.1500000000         0.0032493647
     2301.4400000000         0.0032500643
     2306.7500000000         0.0032228504
     2312.0600000000         0.0031391440
     2317.3900000000         0.0029305152
     2322.7400000000         0.0025699371
     2328.0900000000         0.0025575336
     2333.4600000000         0.0027978527
     2338.8400000000         0.0028250734
     2344.2300000000         0.0027673428
     2349.6300000000         0.0028818380
     2355.0500000000         0.0030214072
     2360.4800000000         0.0028722428
     2365.9200000000         0.0027584953
     2371.3700000000         0.0028145185
     2376.8400000000         0.0028094559
     2382.3200000000         0.0026851250
     2387.8100000000         0.0026807983
     2393.3200000000         0.0027898862
     2398.8300000000         0.0027764498
     2404.3600000000         0.0027096705
     2409.9100000000         0.0027386746
     2415.4600000000         0.0027854773
     2421.0300000000         0.0028946276
     2426.6100000000         0.0029525056
     2432.2000000000         0.0028856404
     2437.8100000000         0.0029051073
     2443.4300000000         0.0030097212
     2449.0600000000         0.0030193145
     2454.7100000000         0.0029924915
     2460.3700000000         0.0029774099
     2466.0400000000         0.0029532665
     2471.7200000000         0.0028858208
     2477.4200000000         0.0028644758
     2483.1300000000         0.0029048917
     2488.8600000000         0.0028630204
     2494.5900000000         0.0027818121
     2500.3500000000         0.0029453877
     2506.1100000000         0.0030407691
     2511.8900000000         0.0027773629
     2517.6800000000         0.0027884848
     2523.4800000000         0.0026922093
     2529.3000000000         0.0026859120
     2535.1300000000         0.0027135159
     2540.9700000000         0.0026875162
     2546.8300000000         0.0027113620
     2552.7000000000         0.0028441541
     2558.5900000000         0.0028623322
     2564.4800000000         0.0028076132
     2570.3900000000         0.0029003681
     2576.3200000000         0.0029770127
     2582.2600000000         0.0029504441
     2588.2100000000         0.0029229878
     2594.1800000000         0.0028947981
     2600.1600000000         0.0028307987
     2606.1500000000         0.0027697142
     2612.1600000000         0.0027434109
     2618.1800000000         0.0027764800
     2624.2200000000         0.0028619766
     2630.2700000000         0.0029401027
     2636.3300000000         0.0030382357
     2642.4100000000         0.0032121066
     2648.5000000000         0.0033247767
     2654.6100000000         0.0033923478
     2660.7200000000         0.0031815702
     2666.8600000000         0.0030508444
     2673.0100000000         0.0031453485
     2679.1700000000         0.0031808568
     2685.3400000000         0.0031812896
     2691.5300000000         0.0030634773
     2697.7400000000         0.0030293351
     2703.9600000000         0.0031000550
     2710.1900000000         0.0030076588
     2716.4400000000         0.0029072873
     2722.7000000000         0.0028876632
     2728.9800000000         0.0029484113
     2735.2700000000         0.0030384676
     2741.5700000000         0.0027580499
     2747.8900000000         0.0026293322
     2754.2300000000         0.0026784351
     2760.5800000000         0.0027554282
     2766.9400000000         0.0028368763
     2773.3200000000         0.0029203102
     2779.7100000000         0.0028467691
     2786.1200000000         0.0026773610
     2792.5400000000         0.0023174356
     2798.9800000000         0.0022471463
     2805.4300000000         0.0023709559
     2811.9000000000         0.0027265486
     2818.3800000000         0.0029585075
     2824.8800000000         0.0030779867
     2831.3900000000         0.0030007500
     2837.9200000000         0.0029197524
     2844.4600000000         0.0028385383
     2851.0200000000         0.0027458419
     2857.5900000000         0.0027775448
     2864.1800000000         0.0030006203
     2870.7800000000         0.0030565022
     2877.4000000000         0.0030689912
     2884.0300000000         0.0030471468
     2890.6800000000         0.0030566184
     2897.3400000000         0.0031151581
     2904.0200000000         0.0032539659
     2910.7200000000         0.0033710133
     2917.4300000000         0.0033142113
     2924.1500000000         0.0032577657
     2930.8900000000         0.0032057667
     2937.6500000000         0.0031809160
     2944.4200000000         0.0031562026
     2951.2100000000         0.0031391310
     2958.0100000000         0.0031567079
     2964.8300000000         0.0031741306
     2971.6700000000         0.0031873046
     2978.5200000000         0.0031876655
     2985.3800000000         0.0031879907
     2992.2600000000         0.0031921272
     2999.1600000000         0.0032040346
     3006.0800000000         0.0032158231
     3013.0100000000         0.0032231144
     3019.9500000000         0.0032246115
     3026.9100000000         0.0032260644
     3033.8900000000         0.0032270357
     3040.8900000000         0.0032276204
     3047.8900000000         0.0032281668
     3054.9200000000         0.0032350777
     3061.9600000000         0.0032446396
     3069.0200000000         0.0032541037
     3076.1000000000         0.0032562362
     3083.1900000000         0.0032571626
     3090.3000000000         0.0032584784
     3097.4200000000         0.0032696384
     3104.5600000000         0.0032806871
     3111.7200000000         0.0032830485
     3118.8900000000         0.0032582313
     3126.0800000000         0.0032335513
     3133.2800000000         0.0032205142
     3140.5100000000         0.0032212397
     3147.7500000000         0.0032219258
     3155.0000000000         0.0032305592
     3162.2800000000         0.0032426878
     3169.5700000000         0.0032546965
     3176.8700000000         0.0031878231
     3184.2000000000         0.0031164084
     3191.5400000000         0.0030700315
     3198.8900000000         0.0031164165
     3206.2700000000         0.0031624599
     3213.6600000000         0.0031515704
     3221.0700000000         0.0030832002
     3228.4900000000         0.0030152677
     3235.9400000000         0.0030817844
     3243.4000000000         0.0031817337
     3250.8700000000         0.0032762096
     3258.3700000000         0.0033340880
     3265.8800000000         0.0033915180
     3273.4100000000         0.0034160793
     3280.9500000000         0.0034012636
     3288.5200000000         0.0033865173
     3296.1000000000         0.0033706222
     3303.6900000000         0.0033545052
     3311.3100000000         0.0033401398
     3318.9400000000         0.0033338987
     3326.5900000000         0.0033276654
     3334.2600000000         0.0033115766
     3341.9500000000         0.0032877114
     3349.6500000000         0.0032639757
     3357.3800000000         0.0031727308
     3365.1200000000         0.0030789294
     3372.8700000000         0.0030313330
     3380.6500000000         0.0030614028
     3388.4400000000         0.0030912261
     3396.2500000000         0.0031033461
     3404.0800000000         0.0031110060
     3411.9300000000         0.0031182016
     3419.7900000000         0.0031241491
     3427.6800000000         0.0031300229
     3435.5800000000         0.0031422244
     3443.5000000000         0.0031569642
     3451.4400000000         0.0031692064
     3459.3900000000         0.0031706621
     3467.3700000000         0.0031720735
     3475.3600000000         0.0031978628
     3483.3700000000         0.0032354014
     3491.4000000000         0.0032715041
     3499.4500000000         0.0033018759
     3507.5200000000         0.0033320040
     3515.6000000000         0.0033035346
     3523.7100000000         0.0032494459
     3531.8300000000         0.0032237396
     3539.9700000000         0.0032943599
     3548.1300000000         0.0033644421
     3556.3100000000         0.0032504729
     3564.5100000000         0.0030830721
     3572.7300000000         0.0029693556
     3580.9600000000         0.0029618149
     3589.2200000000         0.0029542944
     3597.4900000000         0.0030273439
     3605.7900000000         0.0031082255
     3614.1000000000         0.0031594327
     3622.4300000000         0.0031804147
     3630.7800000000         0.0032021722
     3639.1500000000         0.0032330302
     3647.5400000000         0.0033844588
     3655.9500000000         0.0034335805
     3664.3700000000         0.0034349549
     3672.8200000000         0.0033977102
     3681.2900000000         0.0032839363
     3689.7800000000         0.0031709361
     3698.2800000000         0.0032659986
     3706.8100000000         0.0033660100
     3715.3500000000         0.0033057258
     3723.9200000000         0.0031508643
     3732.5000000000         0.0031079408
     3741.1100000000         0.0033344300
     3749.7300000000         0.0035593235
     3758.3700000000         0.0037134436
     3767.0400000000         0.0038642690
     3775.7200000000         0.0040434166
     3784.4200000000         0.0042365044
     3793.1500000000         0.0044085188
     3801.8900000000         0.0045443955
     3810.6600000000         0.0046324134
     3819.4400000000         0.0041425643
     3828.2500000000         0.0036561640
     3837.0700000000         0.0039489381
     3845.9200000000         0.0044316892
     3854.7800000000         0.0047237226
     3863.6700000000         0.0048542959
     3872.5700000000         0.0048024687
     3881.5000000000         0.0043057045
     3890.4500000000         0.0038711219
     3899.4200000000         0.0045432393
     3908.4100000000         0.0052108322
     3917.4200000000         0.0048679472
     3926.4500000000         0.0043121823
     3935.5000000000         0.0043282262
     3944.5700000000         0.0047100433
     3953.6700000000         0.0046143811
     3962.7800000000         0.0038178139
     3971.9200000000         0.0034241134
     3981.0700000000         0.0045285374
     3990.2500000000         0.0056017912
     3999.4500000000         0.0058206143
     4008.6700000000         0.0060378192
     4017.9100000000         0.0060522305
     4027.1700000000         0.0060326136
     4036.4500000000         0.0059959418
     4045.7600000000         0.0059519634
     4055.0900000000         0.0058693574
     4064.4300000000         0.0057549439
     4073.8000000000         0.0056597819
     4083.1900000000         0.0055922740
     4092.6100000000         0.0054467754
     4102.0400000000         0.0050980584
     4111.5000000000         0.0048771733
     4120.9800000000         0.0053242291
     4130.4700000000         0.0057487288
     4140.0000000000         0.0058033876
     4149.5400000000         0.0058576218
     4159.1100000000         0.0058602514
     4168.6900000000         0.0058602267
     4178.3000000000         0.0058357180
     4187.9400000000         0.0058074729
     4197.5900000000         0.0058077183
     4207.2600000000         0.0058155945
     4216.9600000000         0.0057629561
     4226.6900000000         0.0056869662
     4236.4300000000         0.0056960541
     4246.2000000000         0.0057485565
     4255.9800000000         0.0056991121
     4265.7900000000         0.0055855503
     4275.6300000000         0.0054983697
     4285.4800000000         0.0054308502
     4295.3600000000         0.0052767992
     4305.2600000000         0.0050507262
     4315.1900000000         0.0049978946
     4325.1400000000         0.0051017441
     4335.1100000000         0.0050590322
     4345.1000000000         0.0048780455
     4355.1200000000         0.0050758268
     4365.1600000000         0.0056326031
     4375.2200000000         0.0058256355
     4385.3100000000         0.0056841350
     4395.4200000000         0.0056560868
     4405.5500000000         0.0057254848
     4415.7000000000         0.0057970150
     4425.8800000000         0.0058700475
     4436.0800000000         0.0059103817
     4446.3100000000         0.0059286859
     4456.5600000000         0.0059826565
     4466.8300000000         0.0060563004
     4477.1300000000         0.0060928995
     4487.4500000000         0.0061130230
     4497.8000000000         0.0063034473
     4508.1700000000         0.0065480508
     4518.5600000000         0.0063637663
     4528.9700000000         0.0060893735
     4539.4100000000         0.0061057294
     4549.8800000000         0.0061533120
     4560.3700000000         0.0063152611
     4570.8800000000         0.0064519639
     4581.4200000000         0.0063104979
     4591.9800000000         0.0062069725
     4602.5600000000         0.0062641301
     4613.1800000000         0.0062783635
     4623.8100000000         0.0061932453
     4634.4700000000         0.0061579775
     4645.1500000000         0.0061910874
     4655.8600000000         0.0062445160
     4666.5900000000         0.0063145021
     4677.3500000000         0.0062907836
     4688.1300000000         0.0062240600
     4698.9400000000         0.0061232126
     4709.7700000000         0.0060158046
     4720.6300000000         0.0061180471
     4731.5100000000         0.0062170248
     4742.4200000000         0.0062723355
     4753.3500000000         0.0063010980
     4764.3100000000         0.0062706568
     4775.2900000000         0.0062471479
     4786.3000000000         0.0062310114
     4797.3300000000         0.0062003583
     4808.3900000000         0.0061625317
     4819.4800000000         0.0061788470
     4830.5900000000         0.0061837323
     4841.7200000000         0.0058247466
     4852.8800000000         0.0054647722
     4864.0700000000         0.0050974330
     4875.2800000000         0.0051782648
     4886.5200000000         0.0057571740
     4897.7900000000         0.0059607960
     4909.0800000000         0.0059975376
     4920.3900000000         0.0059460434
     4931.7400000000         0.0059137740
     4943.1100000000         0.0060290913
     4954.5000000000         0.0060814582
     4965.9200000000         0.0060385675
     4977.3700000000         0.0059024901
     4988.8400000000         0.0057157692
     5000.3400000000         0.0055649313
     5011.8700000000         0.0054649781
     5023.4300000000         0.0056028883
     5035.0000000000         0.0056684539
     5046.6100000000         0.0056400690
     5058.2500000000         0.0057088803
     5069.9100000000         0.0058169323
     5081.5900000000         0.0056754812
     5093.3100000000         0.0055866437
     5105.0500000000         0.0056345691
     5116.8200000000         0.0055965199
     5128.6100000000         0.0054966612
     5140.4400000000         0.0053995322
     5152.2900000000         0.0052914117
     5164.1600000000         0.0051342538
     5176.0700000000         0.0050853924
     5188.0000000000         0.0051398021
     5199.9600000000         0.0052663116
     5211.9500000000         0.0054049175
     5223.9600000000         0.0055344994
     5236.0000000000         0.0056474386
     5248.0700000000         0.0057438002
     5260.1700000000         0.0054925545
     5272.3000000000         0.0052984869
     5284.4500000000         0.0056220875
     5296.6300000000         0.0058406582
     5308.8400000000         0.0059718071
     5321.0800000000         0.0056849131
     5333.3500000000         0.0055084876
     5345.6400000000         0.0057372358
     5357.9600000000         0.0058021499
     5370.3200000000         0.0057767523
     5382.7000000000         0.0057038967
     5395.1000000000         0.0056369198
     5407.5400000000         0.0055781030
     5420.0100000000         0.0055976748
     5432.5000000000         0.0056449515
     5445.0200000000         0.0057267891
     5457.5800000000         0.0057106554
     5470.1600000000         0.0056319744
     5482.7700000000         0.0056443503
     5495.4100000000         0.0056336396
     5508.0800000000         0.0055923411
     5520.7700000000         0.0056495997
     5533.5000000000         0.0057121986
     5546.2600000000         0.0057434132
     5559.0400000000         0.0057036681
     5571.8500000000         0.0056344992
     5584.7000000000         0.0055631436
     5597.5700000000         0.0055885366
     5610.4800000000         0.0056762435
     5623.4100000000         0.0056424248
     5636.3800000000         0.0056378418
     5649.3700000000         0.0056631798
     5662.3900000000         0.0055853645
     5675.4500000000         0.0055728909
     5688.5300000000         0.0056581260
     5701.6400000000         0.0055743605
     5714.7900000000         0.0055918056
     5727.9600000000         0.0058215559
     5741.1600000000         0.0057455325
     5754.4000000000         0.0056672944
     5767.6600000000         0.0056954403
     5780.9600000000         0.0055963290
     5794.2900000000         0.0055476390
     5807.6400000000         0.0056608901
     5821.0300000000         0.0057457690
     5834.4500000000         0.0057632281
     5847.9000000000         0.0056579439
     5861.3800000000         0.0056323111
     5874.8900000000         0.0055138147
     5888.4400000000         0.0052069575
     5902.0100000000         0.0053937309
     5915.6100000000         0.0055441153
     5929.2500000000         0.0055529983
     5942.9200000000         0.0055450359
     5956.6200000000         0.0055632144
     5970.3500000000         0.0056072050
     5984.1200000000         0.0055397339
     5997.9100000000         0.0054825656
     6011.7300000000         0.0054483865
     6025.6000000000         0.0055208178
     6039.4800000000         0.0055778646
     6053.4100000000         0.0056115747
     6067.3600000000         0.0055956342
     6081.3500000000         0.0054905228
     6095.3700000000         0.0054149446
     6109.4200000000         0.0054195072
     6123.5000000000         0.0052519301
     6137.6200000000         0.0052066660
     6151.7700000000         0.0052451058
     6165.9500000000         0.0051015392
     6180.1600000000         0.0051871971
     6194.4100000000         0.0052979249
     6208.6900000000         0.0052630026
     6223.0000000000         0.0051641609
     6237.3500000000         0.0050540296
     6251.7300000000         0.0049709557
     6266.1400000000         0.0051191747
     6280.5800000000         0.0051933071
     6295.0600000000         0.0051907455
     6309.5700000000         0.0050961804
     6324.1200000000         0.0051326388
     6338.6900000000         0.0051431893
     6353.3100000000         0.0051309420
     6367.9500000000         0.0051094480
     6382.6300000000         0.0051560458
     6397.3500000000         0.0051474688
     6412.0900000000         0.0050877449
     6426.8800000000         0.0051166960
     6441.6900000000         0.0050979210
     6456.5400000000         0.0050771469
     6471.4200000000         0.0050630881
     6486.3400000000         0.0049851662
     6501.3000000000         0.0050400770
     6516.2800000000         0.0050863782
     6531.3000000000         0.0050497097
     6546.3600000000         0.0048850002
     6561.4500000000         0.0046113003
     6576.5800000000         0.0046077762
     6591.7400000000         0.0049599484
     6606.9300000000         0.0050194664
     6622.1600000000         0.0050095399
     6637.4300000000         0.0049943118
     6652.7300000000         0.0049779275
     6668.0700000000         0.0048978832
     6683.4400000000         0.0049317745
     6698.8500000000         0.0048792651
     6714.2900000000         0.0048091859
     6729.7600000000         0.0048898780
     6745.2800000000         0.0048286943
     6760.8300000000         0.0048201634
     6776.4100000000         0.0048102057
     6792.0400000000         0.0047717108
     6807.6900000000         0.0047819293
     6823.3800000000         0.0048096878
     6839.1100000000         0.0047703902
     6854.8800000000         0.0047235899
     6870.6800000000         0.0047721649
     6886.5200000000         0.0048135458
     6902.4000000000         0.0048084040
     6918.3100000000         0.0047834343
     6934.2600000000         0.0047571096
     6950.2400000000         0.0047447970
     6966.2600000000         0.0047788136
     6982.3200000000         0.0047705849
     6998.4200000000         0.0047261566
     7014.5500000000         0.0046984167
     7030.7200000000         0.0047645592
     7046.9300000000         0.0047804355
     7063.1800000000         0.0047015911
     7079.4600000000         0.0046037380
     7095.7700000000         0.0045126546
     7112.1400000000         0.0044324221
     7128.5300000000         0.0043682386
     7144.9600000000         0.0043551819
     7161.4300000000         0.0043732980
     7177.9400000000         0.0043483200
     7194.4900000000         0.0043073241
     7211.0700000000         0.0043792571
     7227.7000000000         0.0044362382
     7244.3600000000         0.0044605145
     7261.0600000000         0.0044759801
     7277.8000000000         0.0044538951
     7294.5700000000         0.0044314289
     7311.3900000000         0.0045102546
     7328.2500000000         0.0045212577
     7345.1400000000         0.0045471243
     7362.0700000000         0.0046102805
     7379.0400000000         0.0046064593
     7396.0500000000         0.0045543266
     7413.1000000000         0.0045594708
     7430.1900000000         0.0046365890
     7447.3200000000         0.0046365932
     7464.4900000000         0.0046768379
     7481.6900000000         0.0046825130
     7498.9400000000         0.0046962383
     7516.2300000000         0.0047397874
     7533.5500000000         0.0047848159
     7550.9200000000         0.0048050485
     7568.3300000000         0.0047823275
     7585.7700000000         0.0047131889
     7603.2600000000         0.0046454929
     7620.7900000000         0.0045761704
     7638.3600000000         0.0045045251
     7655.9600000000         0.0044014850
     7673.6100000000         0.0042877342
     7691.3000000000         0.0043573845
     7709.0300000000         0.0042879782
     7726.8100000000         0.0042896946
     7744.6200000000         0.0042668511
     7762.4700000000         0.0042825611
     7780.3600000000         0.0043175933
     7798.3000000000         0.0043323357
     7816.2800000000         0.0043142927
     7834.2900000000         0.0042755147
     7852.3600000000         0.0042393347
     7870.4600000000         0.0042924979
     7888.6000000000         0.0042332858
     7906.7900000000         0.0041519883
     7925.0100000000         0.0041471836
     7943.2800000000         0.0041265525
     7961.5900000000         0.0041884291
     7979.9500000000         0.0042401655
     7998.3400000000         0.0042521753
     8016.7800000000         0.0042733708
     8035.2600000000         0.0042768153
     8053.7800000000         0.0042824717
     8072.3500000000         0.0043106829
     8090.9600000000         0.0042665168
     8109.6100000000         0.0043030186
     8128.3000000000         0.0043993727
     8147.0400000000         0.0044388040
     8165.8200000000         0.0044699297
     8184.6500000000         0.0043905894
     8203.5100000000         0.0043195081
     8222.4300000000         0.0043147360
     8241.3800000000         0.0043215044
     8260.3800000000         0.0043438552
     8279.4200000000         0.0043442086
     8298.5100000000         0.0042588748
     8317.6300000000         0.0041677882
     8336.8100000000         0.0041525778
     8356.0300000000         0.0041563511
     8375.2900000000         0.0041362299
     8394.6000000000         0.0040690834
     8413.9500000000         0.0041213692
     8433.3500000000         0.0039648847
     8452.7900000000         0.0039019869
     8472.2700000000         0.0039040197
     8491.8000000000         0.0039247582
     8511.3800000000         0.0037686997
     8531.0000000000         0.0039294385
     8550.6700000000         0.0036521137
     8570.3800000000         0.0040540718
     8590.1400000000         0.0039646602
     8609.9400000000         0.0039969566
     8629.7800000000         0.0041229450
     8649.6700000000         0.0041146833
     8669.6200000000         0.0037080201
     8689.6000000000         0.0040199738
     8709.6300000000         0.0041673738
     8729.7100000000         0.0041796467
     8749.8400000000         0.0040503349
     8770.0000000000         0.0041961153
     8790.2300000000         0.0042637424
     8810.4900000000         0.0041871946
     8830.8000000000         0.0042202575
     8851.1500000000         0.0041611916
     8871.5600000000         0.0039761914
     8892.0100000000         0.0041211075
     8912.5100000000         0.0041699386
     8933.0500000000         0.0041029812
     8953.6500000000         0.0041130590
     8974.2800000000         0.0041189538
     8994.9800000000         0.0040591448
     9015.7100000000         0.0039529102
     9036.4900000000         0.0041338787
     9057.3300000000         0.0042459150
     9078.2000000000         0.0042042141
     9099.1300000000         0.0041758120
     9120.1000000000         0.0042439010
     9141.1300000000         0.0042645726
     9162.2000000000         0.0042455960
     9183.3200000000         0.0042657275
     9204.5000000000         0.0041474565
     9225.7100000000         0.0039622318
     9246.9800000000         0.0039779493
     9268.3000000000         0.0040320777
     9289.6600000000         0.0040041381
     9311.0800000000         0.0040329592
     9332.5400000000         0.0040312978
     9354.0600000000         0.0040066303
     9375.6200000000         0.0039721173
     9397.2300000000         0.0039823498
     9418.9000000000         0.0039700316
     9440.6100000000         0.0039967597
     9462.3700000000         0.0040202546
     9484.1800000000         0.0040548523
     9506.0500000000         0.0039981636
     9527.9600000000         0.0039752284
     9549.9200000000         0.0038279698
     9571.9400000000         0.0039478629
     9594.0000000000         0.0040250840
     9616.1200000000         0.0039857603
     9638.2900000000         0.0039713089
     9660.5100000000         0.0039316388
     9682.7700000000         0.0039682034
     9705.1000000000         0.0039510871
     9727.4700000000         0.0039069653
     9749.8900000000         0.0038829695
     9772.3700000000         0.0038929640
     9794.9000000000         0.0038686187
     9817.4800000000         0.0039203987
     9840.1100000000         0.0039074831
     9862.7900000000         0.0038999442
     9885.5300000000         0.0038843215
     9908.3200000000         0.0038559667
     9931.1600000000         0.0038732621
     9954.0500000000         0.0038763389
     9977.0000000000         0.0038706164
    10000.0000000000         0.0038493634
    10000.0000000000         0.0038493634
    10115.8000000000         0.0038030855
    10232.9400000000         0.0037784744
    10351.4200000000         0.0037075458
    10471.2900000000         0.0036602337
    10592.5400000000         0.0035622241
    10715.2000000000         0.0034995549
    10839.2700000000         0.0034099680
    10964.7800000000         0.0033396364
    11091.7500000000         0.0032916907
    11220.1900000000         0.0032451297
    11350.1000000000         0.0031764903
    11481.5400000000         0.0031557966
    11614.4900000000         0.0030606736
    11748.9800000000         0.0030311907
    11885.0200000000         0.0029352212
    12022.6400000000         0.0029058051
    12161.8600000000         0.0028821074
    12302.6900000000         0.0028223447
    12445.1400000000         0.0027658360
    12589.2500000000         0.0027134900
    12735.0300000000         0.0026690534
    12882.5000000000         0.0026098930
    13031.6600000000         0.0025704990
    13182.5600000000         0.0025127016
    13335.2100000000         0.0024623782
    13489.6300000000         0.0024203362
    13645.8400000000         0.0023642899
    13803.8400000000         0.0023597479
    13963.6800000000         0.0022453028
    14125.3800000000         0.0022025164
    14288.9500000000         0.0021635441
    14454.3900000000         0.0021670933
    14621.7700000000         0.0021309163
    14791.0900000000         0.0021084049
    14962.3600000000         0.0021205873
    15135.6100000000         0.0021187419
    15310.8700000000         0.0021218923
    15488.1700000000         0.0020991142
    15667.5200000000         0.0020320183
    15848.9200000000         0.0019538349
    16032.4500000000         0.0019860757
    16218.1000000000         0.0019777552
    16405.9000000000         0.0019584517
    16595.8600000000         0.0019417222
    16788.0400000000         0.0018828441
    16982.4400000000         0.0018549291
    17179.0900000000         0.0017898141
    17378.0000000000         0.0017018995
    17579.2300000000         0.0016526760
    17782.7900000000         0.0015820491
    17988.7100000000         0.0015143260
    18197.0200000000         0.0014501830
    18407.7100000000         0.0014024493
    18620.8700000000         0.0013481781
    18836.4900000000         0.0013032323
    19054.6200000000         0.0012701215
    19275.2400000000         0.0012230442
    19498.4400000000         0.0011656755
    19724.2300000000         0.0011258665
    19952.6300000000         0.0010935657
    20183.6600000000         0.0010642279
    20417.3800000000         0.0010341128
    20653.8000000000         0.0010016754
    20892.9700000000         0.0009707537
    21134.8800000000         0.0009448751
    21379.6200000000         0.0009224497
    21627.1900000000         0.0008846953
    21877.6200000000         0.0008606456
    22130.9400000000         0.0008332879
    22387.2100000000         0.0008008548
    22646.4400000000         0.0007699702
    22908.6800000000         0.0006871732
    23173.9300000000         0.0006553470
    23442.2800000000         0.0006065954
    23713.7400000000         0.0005688721
    23988.3400000000         0.0005382003
    24266.1100000000         0.0005072163
    24547.0800000000         0.0004664601
    24831.3300000000         0.0004231280
    25118.8700000000         0.0004033014
    25409.7400000000         0.0003991933
    25703.9500000000         0.0003957801
    26001.5900000000         0.0003862224
    26302.6800000000         0.0003741642
    26607.2600000000         0.0003623987
    26915.3400000000         0.0003547004
    27227.0100000000         0.0003492173
    27542.2900000000         0.0003388526
    27861.2200000000         0.0003284797
    28183.8200000000         0.0003171997
    28510.1800000000         0.0003086784
    28840.3200000000         0.0002983059
    29174.2800000000         0.0002894136
    29512.0800000000         0.0002795492
    29853.8200000000         0.0002706364
    30199.5200000000         0.0002623758
    30549.2200000000         0.0002538571
    30902.9400000000         0.0002466174
    31260.7900000000         0.0002400421
    31622.7800000000         0.0002338604
    31988.9600000000         0.0002428516
    32359.3500000000         0.0002968576
    32734.0600000000         0.0003903192
    33113.1100000000         0.0004127053
    33496.5500000000         0.0003134895
    33884.4300000000         0.0002208214
    34276.7700000000         0.0001875650
    34673.6800000000         0.0001778780
    35075.2000000000         0.0001715885
    35481.3600000000         0.0001651768
    35892.1800000000         0.0001588079
    36307.8000000000         0.0001535132
    36728.2300000000         0.0001475001
    37153.5400000000         0.0001415706
    37583.7200000000         0.0001360212
    38018.9300000000         0.0001314509
    38459.1800000000         0.0001272762
    38904.5300000000         0.0001223769
    39354.9900000000         0.0001180546
    39810.7100000000         0.0001132520
    40271.7100000000         0.0001098226
    40738.0400000000         0.0001058422
    41209.7300000000         0.0001024349
    41686.9300000000         0.0000985582
    42169.6500000000         0.0000953660
    42657.9600000000         0.0000924061
    43151.8800000000         0.0000837814
    43651.5700000000         0.0000791290
    44157.0400000000         0.0000747645
    44668.3700000000         0.0000719166
    45185.6200000000         0.0000700577
    45708.8000000000         0.0000692106
    46238.1000000000         0.0000675971
    46773.5200000000         0.0000667896
    47315.1500000000         0.0000659982
    47862.9900000000         0.0000648258
    48417.2300000000         0.0000640977
    48977.8900000000         0.0000629039
    49545.0400000000         0.0000619261
    50118.7000000000         0.0000611585
    50699.0600000000         0.0000601753
    51286.1400000000         0.0000593299
    51880.0200000000         0.0000586733
    52480.7200000000         0.0000579169
    53088.4300000000         0.0000570338
    53703.1800000000         0.0000564909
    54325.0500000000         0.0000557127
    54954.0600000000         0.0000552761
    55590.4100000000         0.0000548405
    56234.1300000000         0.0000543856
    56885.3100000000         0.0000540440
    57543.9600000000         0.0000528544
    58210.3000000000         0.0000512280
    58884.3600000000         0.0000492116
    59566.2300000000         0.0000468457
    60255.9900000000         0.0000485824
    60953.6700000000         0.0000582776
    61659.5000000000         0.0000964832
    62373.5000000000         0.0001511641
    63095.7600000000         0.0001097861
    63826.3200000000         0.0000701218
    64565.4100000000         0.0000530403
    65313.0600000000         0.0000452806
    66069.3700000000         0.0000477280
    66834.3600000000         0.0000484349
    67608.2900000000         0.0000482082
    68391.1700000000         0.0000461294
    69183.1200000000         0.0000524220
    69984.1600000000         0.0000621212
    70794.5600000000         0.0000561148
    71614.3400000000         0.0000602292
    72443.6200000000         0.0000628308
    73282.4100000000         0.0000718349
    74131.0100000000         0.0000869546
    74989.4200000000         0.0001127730
    75857.7800000000         0.0001356016
    76736.1000000000         0.0001468952
    77624.6900000000         0.0001373062
    78523.5600000000         0.0001304972
    79432.8400000000         0.0001112073
    80352.6500000000         0.0000863655
    81283.0200000000         0.0000721421
    82224.2600000000         0.0000623297
    83176.3900000000         0.0000604039
    84139.5500000000         0.0000599805
    85113.7700000000         0.0000630329
    86099.3700000000         0.0000695265
    87096.3700000000         0.0000629859
    88104.9200000000         0.0000443392
    89125.0500000000         0.0000322562
    90157.1000000000         0.0000253948
    91201.0900000000         0.0000207397
    92257.1700000000         0.0000187705
    93325.3800000000         0.0000185699
    94406.0700000000         0.0000182146
    95499.2700000000         0.0000166251
    96605.1200000000         0.0000178260
    97723.6700000000         0.0000171552
    98855.2800000000         0.0000148075
   100000.0000000000         0.0000133806
   101157.9700000000         0.0000140931
   102329.2400000000         0.0000142689
   103514.1900000000         0.0000143681
   104712.8500000000         0.0000162687
   105925.4000000000         0.0000203675
   107151.9800000000         0.0000202425
   108392.6600000000         0.0000210467
   109647.8100000000         0.0000261198
   110917.5000000000         0.0000359470
   112201.9000000000         0.0000644816
   113501.0400000000         0.0000715210
   114815.3400000000         0.0000491542
   116144.8800000000         0.0000356992
   117489.8000000000         0.0000308152
   118850.1700000000         0.0000310418
   120226.4200000000         0.0000334494
   121618.6100000000         0.0000318196
   123026.9200000000         0.0000344283
   124451.4000000000         0.0000368006
   125892.5200000000         0.0000412281
   127350.3100000000         0.0000524021
   128824.9900000000         0.0000460259
   130316.6100000000         0.0000279321
   131825.6400000000         0.0000249039
   133352.1400000000         0.0000245162
   134896.3300000000         0.0000240122
   136458.2300000000         0.0000245654
   138038.3900000000         0.0000221000
   139636.8300000000         0.0000221320
   141253.7800000000         0.0000215618
   142889.4700000000         0.0000213631
   144543.9200000000         0.0000213915
   146217.7000000000         0.0000214217
   147910.8600000000         0.0000214537
   149623.6200000000         0.0000214865
   151356.0600000000         0.0000215192
   153108.7200000000         0.0000215517
   154881.6900000000         0.0000215858
   156675.1700000000         0.0000216214
   158489.2500000000         0.0000216594
   160324.5200000000         0.0000216936
   162181.0300000000         0.0000217080
   164059.0300000000         0.0000217232
   165958.6100000000         0.0000217395
   167880.3600000000         0.0000217570
   169824.3800000000         0.0000217747
   171790.8900000000         0.0000217947
   173779.9800000000         0.0000218149
   175792.3100000000         0.0000218363
   177827.9400000000         0.0000218589
   179887.1400000000         0.0000218832
   181969.9800000000         0.0000218955
   184077.1400000000         0.0000219014
   186208.7000000000         0.0000219013
   188364.9500000000         0.0000218956
   190545.9500000000         0.0000218927
   192752.4200000000         0.0000219091
   194984.4400000000         0.0000219193
   197242.3100000000         0.0000219234
   199526.3100000000         0.0000219216
