        1.0000000000         0.0000000000
      316.2300000000         0.0000000000
      316.9600000000         0.0000000000
      317.6900000000         0.0000000000
      318.4200000000         0.0000000000
      319.1500000000         0.0000000000
      319.8900000000         0.0000000000
      320.6300000000         0.0000000000
      321.3700000000         0.0000000000
      322.1100000000         0.0000000000
      322.8500000000         0.0000000000
      323.5900000000         0.0000000000
      324.3400000000         0.0000000000
      325.0900000000         0.0000000000
      325.8400000000         0.0000000000
      326.5900000000         0.0000000000
      327.3400000000         0.0000000000
      328.1000000000         0.0000000000
      328.8500000000         0.0000000000
      329.6100000000         0.0000000000
      330.3700000000         0.0000000000
      331.1300000000         0.0000000000
      331.8900000000         0.0000000000
      332.6600000000         0.0000000000
      333.4300000000         0.0000000000
      334.1900000000         0.0000000000
      334.9700000000         0.0000000000
      335.7400000000         0.0000000000
      336.5100000000         0.0000000000
      337.2900000000         0.0000000000
      338.0600000000         0.0000000000
      338.8400000000         0.0000000000
      339.6300000000         0.0000000000
      340.4100000000         0.0000000000
      341.1900000000         0.0000000000
      341.9800000000         0.0000000000
      342.7700000000         0.0000000000
      343.5600000000         0.0000000000
      344.3500000000         0.0000000000
      345.1400000000         0.0000000000
      345.9400000000         0.0000000000
      346.7400000000         0.0000000000
      347.5400000000         0.0000000000
      348.3400000000         0.0000000000
      349.1400000000         0.0000000000
      349.9500000000         0.0000000000
      350.7500000000         0.0000000000
      351.5600000000         0.0000000000
      352.3700000000         0.0000000000
      353.1800000000         0.0000000000
      354.0000000000         0.0000000000
      354.8100000000         0.0000000000
      355.6300000000         0.0000000000
      356.4500000000         0.0000000000
      357.2700000000         0.0000000000
      358.1000000000         0.0000000000
      358.9200000000         0.0000000000
      359.7500000000         0.0000000000
      360.5800000000         0.0000000000
      361.4100000000         0.0000000000
      362.2400000000         0.0000000000
      363.0800000000         0.0000000000
      363.9200000000         0.0000000000
      364.7500000000         0.0000000000
      365.5900000000         0.0000000000
      366.4400000000         0.0000000000
      367.2800000000         0.0000000000
      368.1300000000         0.0000000000
      368.9800000000         0.0000000000
      369.8300000000         0.0000000000
      370.6800000000         0.0000000000
      371.5400000000         0.0000000000
      372.3900000000         0.0000000000
      373.2500000000         0.0000000000
      374.1100000000         0.0000000000
      374.9700000000         0.0000000000
      375.8400000000         0.0000000000
      376.7000000000         0.0000000000
      377.5700000000         0.0000000000
      378.4400000000         0.0000000000
      379.3100000000         0.0000000000
      380.1900000000         0.0000000000
      381.0700000000         0.0000000000
      381.9400000000         0.0000000000
      382.8200000000         0.0000000000
      383.7100000000         0.0000000000
      384.5900000000         0.0000000000
      385.4800000000         0.0000000000
      386.3700000000         0.0000000000
      387.2600000000         0.0000000000
      388.1500000000         0.0000000000
      389.0500000000         0.0000000000
      389.9400000000         0.0000000000
      390.8400000000         0.0000000000
      391.7400000000         0.0000000000
      392.6500000000         0.0000000000
      393.5500000000         0.0000000000
      394.4600000000         0.0000000000
      395.3700000000         0.0000000000
      396.2800000000         0.0000000000
      397.1900000000         0.0000000000
      398.1100000000         0.0000000000
      399.0200000000         0.0000000000
      399.9400000000         0.0000000000
      400.8700000000         0.0000000000
      401.7900000000         0.0000000000
      402.7200000000         0.0000000000
      403.6500000000         0.0000000000
      404.5800000000         0.0000000000
      405.5100000000         0.0000000000
      406.4400000000         0.0000000000
      407.3800000000         0.0000000000
      408.3200000000         0.0000000000
      409.2600000000         0.0000000000
      410.2000000000         0.0000000000
      411.1500000000         0.0000000000
      412.1000000000         0.0000000000
      413.0500000000         0.0000000000
      414.0000000000         0.0000000000
      414.9500000000         0.0000000000
      415.9100000000         0.0000000000
      416.8700000000         0.0000000000
      417.8300000000         0.0000000000
      418.7900000000         0.0000000000
      419.7600000000         0.0000000000
      420.7300000000         0.0000000000
      421.7000000000         0.0000000000
      422.6700000000         0.0000000000
      423.6400000000         0.0000000000
      424.6200000000         0.0000000000
      425.6000000000         0.0000000000
      426.5800000000         0.0000000000
      427.5600000000         0.0000000000
      428.5500000000         0.0000000000
      429.5400000000         0.0000000000
      430.5300000000         0.0000000000
      431.5200000000         0.0000000000
      432.5100000000         0.0000000000
      433.5100000000         0.0000000000
      434.5100000000         0.0000000000
      435.5100000000         0.0000000000
      436.5200000000         0.0000000000
      437.5200000000         0.0000000000
      438.5300000000         0.0000000000
      439.5400000000         0.0000000000
      440.5500000000         0.0000000000
      441.5700000000         0.0000000000
      442.5900000000         0.0000000000
      443.6100000000         0.0000000000
      444.6300000000         0.0000000000
      445.6600000000         0.0000000000
      446.6800000000         0.0000000000
      447.7100000000         0.0000000000
      448.7500000000         0.0000000000
      449.7800000000         0.0000000000
      450.8200000000         0.0000000000
      451.8600000000         0.0000000000
      452.9000000000         0.0000000000
      453.9400000000         0.0000000000
      454.9900000000         0.0000000000
      456.0400000000         0.0000000000
      457.0900000000         0.0000000000
      458.1400000000         0.0000000000
      459.2000000000         0.0000000000
      460.2600000000         0.0000000000
      461.3200000000         0.0000000000
      462.3800000000         0.0000000000
      463.4500000000         0.0000000000
      464.5200000000         0.0000000000
      465.5900000000         0.0000000000
      466.6600000000         0.0000000000
      467.7400000000         0.0000000000
      468.8100000000         0.0000000000
      469.8900000000         0.0000000000
      470.9800000000         0.0000000000
      472.0600000000         0.0000000000
      473.1500000000         0.0000000000
      474.2400000000         0.0000000000
      475.3400000000         0.0000000000
      476.4300000000         0.0000000000
      477.5300000000         0.0000000000
      478.6300000000         0.0000000000
      479.7300000000         0.0000000000
      480.8400000000         0.0000000000
      481.9500000000         0.0000000000
      483.0600000000         0.0000000000
      484.1700000000         0.0000000000
      485.2900000000         0.0000000000
      486.4100000000         0.0000000000
      487.5300000000         0.0000000000
      488.6500000000         0.0000000000
      489.7800000000         0.0000000000
      490.9100000000         0.0000000000
      492.0400000000         0.0000000000
      493.1700000000         0.0000000000
      494.3100000000         0.0000000000
      495.4500000000         0.0000000000
      496.5900000000         0.0000000000
      497.7400000000         0.0000000000
      498.8800000000         0.0000000000
      500.0300000000         0.0000000000
      501.1900000000         0.0000000000
      502.3400000000         0.0000000000
      503.5000000000         0.0000000000
      504.6600000000         0.0000000000
      505.8200000000         0.0000000000
      506.9900000000         0.0000000000
      508.1600000000         0.0000000000
      509.3300000000         0.0000000000
      510.5000000000         0.0000000000
      511.6800000000         0.0000000000
      512.8600000000         0.0000000000
      514.0400000000         0.0000000000
      515.2300000000         0.0000000000
      516.4200000000         0.0000000000
      517.6100000000         0.0000000000
      518.8000000000         0.0000000000
      520.0000000000         0.0000000000
      521.1900000000         0.0000000000
      522.4000000000         0.0000000000
      523.6000000000         0.0000000000
      524.8100000000         0.0000000000
      526.0200000000         0.0000000000
      527.2300000000         0.0000000000
      528.4500000000         0.0000000000
      529.6600000000         0.0000000000
      530.8800000000         0.0000000000
      532.1100000000         0.0000000000
      533.3300000000         0.0000000000
      534.5600000000         0.0000000000
      535.8000000000         0.0000000000
      537.0300000000         0.0000000000
      538.2700000000         0.0000000000
      539.5100000000         0.0000000000
      540.7500000000         0.0000000000
      542.0000000000         0.0000000000
      543.2500000000         0.0000000000
      544.5000000000         0.0000000000
      545.7600000000         0.0000000000
      547.0200000000         0.0000000000
      548.2800000000         0.0000000000
      549.5400000000         0.0000000000
      550.8100000000         0.0000000000
      552.0800000000         0.0000000000
      553.3500000000         0.0000000000
      554.6300000000         0.0000000000
      555.9000000000         0.0000000000
      557.1900000000         0.0000000000
      558.4700000000         0.0000000000
      559.7600000000         0.0000000000
      561.0500000000         0.0000000000
      562.3400000000         0.0000000000
      563.6400000000         0.0000000000
      564.9400000000         0.0000000000
      566.2400000000         0.0000000000
      567.5400000000         0.0000000000
      568.8500000000         0.0000000000
      570.1600000000         0.0000000000
      571.4800000000         0.0000000000
      572.8000000000         0.0000000000
      574.1200000000         0.0000000000
      575.4400000000         0.0000000000
      576.7700000000         0.0000000000
      578.1000000000         0.0000000000
      579.4300000000         0.0000000000
      580.7600000000         0.0000000000
      582.1000000000         0.0000000000
      583.4500000000         0.0000000000
      584.7900000000         0.0000000000
      586.1400000000         0.0000000000
      587.4900000000         0.0000000000
      588.8400000000         0.0000000000
      590.2000000000         0.0000000000
      591.5600000000         0.0000000000
      592.9300000000         0.0000000000
      594.2900000000         0.0000000000
      595.6600000000         0.0000000000
      597.0400000000         0.0000000000
      598.4100000000         0.0000000000
      599.7900000000         0.0000000000
      601.1700000000         0.0000000000
      602.5600000000         0.0000000000
      603.9500000000         0.0000000000
      605.3400000000         0.0000000000
      606.7400000000         0.0000000000
      608.1300000000         0.0000000000
      609.5400000000         0.0000000000
      610.9400000000         0.0000000000
      612.3500000000         0.0000000000
      613.7600000000         0.0000000000
      615.1800000000         0.0000000000
      616.5900000000         0.0000000000
      618.0200000000         0.0000000000
      619.4400000000         0.0000000000
      620.8700000000         0.0000000000
      622.3000000000         0.0000000000
      623.7300000000         0.0000000000
      625.1700000000         0.0000000000
      626.6100000000         0.0000000000
      628.0600000000         0.0000000000
      629.5100000000         0.0000000000
      630.9600000000         0.0000000000
      632.4100000000         0.0000000000
      633.8700000000         0.0000000000
      635.3300000000         0.0000000000
      636.8000000000         0.0000000000
      638.2600000000         0.0000000000
      639.7300000000         0.0000000000
      641.2100000000         0.0000000000
      642.6900000000         0.0000000000
      644.1700000000         0.0000000000
      645.6500000000         0.0000000000
      647.1400000000         0.0000000000
      648.6300000000         0.0000000000
      650.1300000000         0.0000000000
      651.6300000000         0.0000000000
      653.1300000000         0.0000000000
      654.6400000000         0.0000000000
      656.1500000000         0.0000000000
      657.6600000000         0.0000000000
      659.1700000000         0.0000000000
      660.6900000000         0.0000000000
      662.2200000000         0.0000000000
      663.7400000000         0.0000000000
      665.2700000000         0.0000000000
      666.8100000000         0.0000000000
      668.3400000000         0.0000000000
      669.8800000000         0.0000000000
      671.4300000000         0.0000000000
      672.9800000000         0.0000000000
      674.5300000000         0.0000000000
      676.0800000000         0.0000000000
      677.6400000000         0.0000000000
      679.2000000000         0.0000000000
      680.7700000000         0.0000000000
      682.3400000000         0.0000000000
      683.9100000000         0.0000000000
      685.4900000000         0.0000000000
      687.0700000000         0.0000000000
      688.6500000000         0.0000000000
      690.2400000000         0.0000000000
      691.8300000000         0.0000000000
      693.4300000000         0.0000000000
      695.0200000000         0.0000000000
      696.6300000000         0.0000000000
      698.2300000000         0.0000000000
      699.8400000000         0.0000000000
      701.4600000000         0.0000000000
      703.0700000000         0.0000000000
      704.6900000000         0.0000000000
      706.3200000000         0.0000000000
      707.9500000000         0.0000000000
      709.5800000000         0.0000000000
      711.2100000000         0.0000000000
      712.8500000000         0.0000000000
      714.5000000000         0.0000000000
      716.1400000000         0.0000000000
      717.7900000000         0.0000000000
      719.4500000000         0.0000000000
      721.1100000000         0.0000000000
      722.7700000000         0.0000000000
      724.4400000000         0.0000000000
      726.1100000000         0.0000000000
      727.7800000000         0.0000000000
      729.4600000000         0.0000000000
      731.1400000000         0.0000000000
      732.8200000000         0.0000000000
      734.5100000000         0.0000000000
      736.2100000000         0.0000000000
      737.9000000000         0.0000000000
      739.6100000000         0.0000000000
      741.3100000000         0.0000000000
      743.0200000000         0.0000000000
      744.7300000000         0.0000000000
      746.4500000000         0.0000000000
      748.1700000000         0.0000000000
      749.8900000000         0.0000000000
      751.6200000000         0.0000000000
      753.3600000000         0.0000000000
      755.0900000000         0.0000000000
      756.8300000000         0.0000000000
      758.5800000000         0.0000000000
      760.3300000000         0.0000000000
      762.0800000000         0.0000000000
      763.8400000000         0.0000000000
      765.6000000000         0.0000000000
      767.3600000000         0.0000000000
      769.1300000000         0.0000000000
      770.9000000000         0.0000000000
      772.6800000000         0.0000000000
      774.4600000000         0.0000000000
      776.2500000000         0.0000000000
      778.0400000000         0.0000000000
      779.8300000000         0.0000000000
      781.6300000000         0.0000000000
      783.4300000000         0.0000000000
      785.2400000000         0.0000000000
      787.0500000000         0.0000000000
      788.8600000000         0.0000000000
      790.6800000000         0.0000000000
      792.5000000000         0.0000000000
      794.3300000000         0.0000000000
      796.1600000000         0.0000000000
      797.9900000000         0.0000000000
      799.8300000000         0.0000000000
      801.6800000000         0.0000000000
      803.5300000000         0.0000000000
      805.3800000000         0.0000000000
      807.2400000000         0.0000000000
      809.1000000000         0.0000000000
      810.9600000000         0.0000000000
      812.8300000000         0.0000000000
      814.7000000000         0.0000000000
      816.5800000000         0.0000000000
      818.4600000000         0.0000000000
      820.3500000000         0.0000000000
      822.2400000000         0.0000000000
      824.1400000000         0.0000000000
      826.0400000000         0.0000000000
      827.9400000000         0.0000000000
      829.8500000000         0.0000000000
      831.7600000000         0.0000000000
      833.6800000000         0.0000000000
      835.6000000000         0.0000000000
      837.5300000000         0.0000000000
      839.4600000000         0.0000000000
      841.4000000000         0.0000000000
      843.3300000000         0.0000000000
      845.2800000000         0.0000000000
      847.2300000000         0.0000000000
      849.1800000000         0.0000000000
      851.1400000000         0.0000000000
      853.1000000000         0.0000000000
      855.0700000000         0.0000000000
      857.0400000000         0.0000000000
      859.0100000000         0.0000000000
      860.9900000000         0.0000000000
      862.9800000000         0.0000000000
      864.9700000000         0.0000000000
      866.9600000000         0.0000000000
      868.9600000000         0.0000000000
      870.9600000000         0.0000000000
      872.9700000000         0.0000000000
      874.9800000000         0.0000000000
      877.0000000000         0.0000000000
      879.0200000000         0.0000000000
      881.0500000000         0.0000000000
      883.0800000000         0.0000000000
      885.1200000000         0.0000000000
      887.1600000000         0.0000000000
      889.2000000000         0.0000000000
      891.2500000000         0.0000000000
      893.3100000000         0.0000000000
      895.3600000000         0.0000000000
      897.4300000000         0.0000000000
      899.5000000000         0.0000000000
      901.5700000000         0.0000000000
      903.6500000000         0.0000000000
      905.7300000000         0.0000000000
      907.8200000000         0.0000000000
      909.9100000000         0.0000000000
      912.0100000000         0.0003432141
      914.1100000000         0.0006987870
      916.2200000000         0.0010519112
      918.3300000000         0.0014026683
      920.4500000000         0.0017509179
      922.5700000000         0.0020967522
      924.7000000000         0.0024402710
      926.8300000000         0.0027813078
      928.9700000000         0.0031199721
      931.1100000000         0.0034562761
      933.2500000000         0.0037902961
      935.4100000000         0.0041219094
      937.5600000000         0.0044511943
      939.7200000000         0.0047782338
      941.8900000000         0.0051029036
      944.0600000000         0.0054252851
      946.2400000000         0.0057454626
      948.4200000000         0.0060633016
      950.6000000000         0.0063788849
      952.8000000000         0.0066922330
      954.9900000000         0.0070034247
      957.1900000000         0.0073123309
      959.4000000000         0.0076190247
      961.6100000000         0.0079236077
      963.8300000000         0.0082259374
      966.0500000000         0.0085260952
      968.2800000000         0.0088241696
      970.5100000000         0.0091200247
      972.7500000000         0.0094137453
      974.9900000000         0.0097054187
      977.2400000000         0.0099949157
      979.4900000000         0.0102823125
      981.7500000000         0.0105676148
      984.0100000000         0.0108509175
      986.2800000000         0.0111320885
      988.5500000000         0.0114112021
      990.8300000000         0.0116883423
      993.1200000000         0.0119633833
      995.4100000000         0.0122364033
      997.7000000000         0.0125074824
     1000.0000000000         0.0127764950
     1002.3100000000         0.0130435219
     1004.6200000000         0.0133085800
     1006.9300000000         0.0133394497
     1009.2500000000         0.0133238398
     1011.5800000000         0.0133081973
     1013.9100000000         0.0132925175
     1016.2500000000         0.0127630597
     1018.5900000000         0.0117902448
     1020.9400000000         0.0108237630
     1023.2900000000         0.0098640630
     1025.6500000000         0.0092997523
     1028.0200000000         0.0097555835
     1030.3900000000         0.0102080619
     1032.7600000000         0.0106573254
     1035.1400000000         0.0111447321
     1037.5300000000         0.0122799929
     1039.9200000000         0.0134070711
     1042.3200000000         0.0145262424
     1044.7200000000         0.0156378224
     1047.1300000000         0.0156701133
     1049.5400000000         0.0155615984
     1051.9600000000         0.0154536413
     1054.3900000000         0.0153462896
     1056.8200000000         0.0148878237
     1059.2500000000         0.0143140024
     1061.7000000000         0.0137438625
     1064.1400000000         0.0131775932
     1066.6000000000         0.0132083781
     1069.0500000000         0.0135567747
     1071.5200000000         0.0139025711
     1073.9900000000         0.0142458156
     1076.4700000000         0.0141021265
     1078.9500000000         0.0136259198
     1081.4300000000         0.0131528424
     1083.9300000000         0.0126828821
     1086.4300000000         0.0128143402
     1088.9300000000         0.0133941788
     1091.4400000000         0.0139699066
     1093.9600000000         0.0145416204
     1096.4800000000         0.0146923456
     1099.0100000000         0.0145482952
     1101.5400000000         0.0144050550
     1104.0800000000         0.0142626725
     1106.6200000000         0.0141436076
     1109.1800000000         0.0140379108
     1111.7300000000         0.0139328223
     1114.2900000000         0.0138283065
     1116.8600000000         0.0135485055
     1119.4400000000         0.0132039515
     1122.0200000000         0.0128617175
     1124.6000000000         0.0125217028
     1127.2000000000         0.0129806995
     1129.8000000000         0.0135792745
     1132.4000000000         0.0141735869
     1135.0100000000         0.0147602390
     1137.6300000000         0.0145045416
     1140.2500000000         0.0142504564
     1142.8800000000         0.0139979739
     1145.5100000000         0.0138178375
     1148.1500000000         0.0139310667
     1150.8000000000         0.0140433703
     1153.4500000000         0.0141547807
     1156.1100000000         0.0142300101
     1158.7800000000         0.0142556811
     1161.4500000000         0.0142810335
     1164.1300000000         0.0143060535
     1166.8100000000         0.0136317434
     1169.5000000000         0.0126247546
     1172.2000000000         0.0116248270
     1174.9000000000         0.0106316991
     1177.6100000000         0.0114285536
     1180.3200000000         0.0122900903
     1183.0400000000         0.0131453648
     1185.7700000000         0.0135520464
     1188.5000000000         0.0128301419
     1191.2400000000         0.0121132219
     1193.9900000000         0.0114011308
     1196.7400000000         0.0108016226
     1199.5000000000         0.0102689229
     1202.2600000000         0.0097397603
     1205.0400000000         0.0092156716
     1207.8100000000         0.0088108387
     1210.6000000000         0.0084087765
     1213.3900000000         0.0080094039
     1216.1900000000         0.0081571601
     1218.9900000000         0.0090416940
     1221.8000000000         0.0099200448
     1224.6200000000         0.0107924687
     1227.4400000000         0.0116124609
     1230.2700000000         0.0124194399
     1233.1000000000         0.0132207172
     1235.9500000000         0.0138184447
     1238.8000000000         0.0140164085
     1241.6500000000         0.0142128645
     1244.5100000000         0.0144078685
     1247.3800000000         0.0143082049
     1250.2600000000         0.0141495289
     1253.1400000000         0.0139917517
     1256.0300000000         0.0137704769
     1258.9300000000         0.0134344799
     1261.8300000000         0.0131005794
     1264.7400000000         0.0127689168
     1267.6500000000         0.0133145209
     1270.5700000000         0.0139430733
     1273.5000000000         0.0145672765
     1276.4400000000         0.0149400402
     1279.3800000000         0.0150538618
     1282.3300000000         0.0151667632
     1285.2900000000         0.0151953818
     1288.2500000000         0.0144494670
     1291.2200000000         0.0137083512
     1294.2000000000         0.0129723744
     1297.1800000000         0.0127625652
     1300.1700000000         0.0127459923
     1303.1700000000         0.0127293989
     1306.1700000000         0.0129719656
     1309.1800000000         0.0136176730
     1312.2000000000         0.0142589230
     1315.2200000000         0.0148345092
     1318.2600000000         0.0146480780
     1321.3000000000         0.0144627253
     1324.3400000000         0.0142785404
     1327.3900000000         0.0139419734
     1330.4500000000         0.0135653717
     1333.5200000000         0.0131912893
     1336.6000000000         0.0132641084
     1339.6800000000         0.0137472469
     1342.7700000000         0.0142270243
     1345.8600000000         0.0145348376
     1348.9600000000         0.0144038377
     1352.0700000000         0.0142735550
     1355.1900000000         0.0141286412
     1358.3100000000         0.0137468744
     1361.4400000000         0.0133675011
     1364.5800000000         0.0129906721
     1367.7300000000         0.0130184963
     1370.8800000000         0.0131072970
     1374.0400000000         0.0131953694
     1377.2100000000         0.0132078370
     1380.3800000000         0.0131877027
     1383.5700000000         0.0131675601
     1386.7600000000         0.0128239263
     1389.9500000000         0.0122190155
     1393.1600000000         0.0116179883
     1396.3700000000         0.0113126766
     1399.5900000000         0.0114011569
     1402.8100000000         0.0114889257
     1406.0500000000         0.0116113070
     1409.2900000000         0.0118063567
     1412.5400000000         0.0119999386
     1415.7900000000         0.0121502578
     1419.0600000000         0.0121698854
     1422.3300000000         0.0121892504
     1425.6100000000         0.0122041414
     1428.8900000000         0.0122003090
     1432.1900000000         0.0121963732
     1435.4900000000         0.0122217285
     1438.8000000000         0.0124151874
     1442.1200000000         0.0126023861
     1445.4400000000         0.0126551352
     1448.7700000000         0.0125922346
     1452.1100000000         0.0124284541
     1455.4600000000         0.0122480253
     1458.8100000000         0.0119576966
     1462.1800000000         0.0116693070
     1465.5500000000         0.0114261014
     1468.9300000000         0.0114073427
     1472.3100000000         0.0113885989
     1475.7100000000         0.0113766212
     1479.1100000000         0.0113902679
     1482.5200000000         0.0114037022
     1485.9400000000         0.0114133712
     1489.3600000000         0.0114134531
     1492.7900000000         0.0114134150
     1496.2400000000         0.0113337394
     1499.6800000000         0.0111128651
     1503.1400000000         0.0108933486
     1506.6100000000         0.0105438130
     1510.0800000000         0.0100449156
     1513.5600000000         0.0099175135
     1517.0500000000         0.0102362502
     1520.5500000000         0.0101180030
     1524.0500000000         0.0100004617
     1527.5700000000         0.0096602552
     1531.0900000000         0.0092400983
     1534.6200000000         0.0088227289
     1538.1500000000         0.0088835163
     1541.7000000000         0.0090014208
     1545.2500000000         0.0091001233
     1548.8200000000         0.0089609558
     1552.3900000000         0.0088226814
     1555.9700000000         0.0087454394
     1559.5500000000         0.0088311397
     1563.1500000000         0.0089161787
     1566.7500000000         0.0090381242
     1570.3600000000         0.0091988305
     1573.9800000000         0.0093583707
     1577.6100000000         0.0094812121
     1581.2500000000         0.0095893228
     1584.8900000000         0.0096966131
     1588.5500000000         0.0097295400
     1592.2100000000         0.0097599318
     1595.8800000000         0.0097677382
     1599.5600000000         0.0097048413
     1603.2500000000         0.0096422732
     1606.9400000000         0.0096041849
     1610.6500000000         0.0095880385
     1614.3600000000         0.0095719062
     1618.0800000000         0.0094462801
     1621.8100000000         0.0092986245
     1625.5500000000         0.0091979848
     1629.3000000000         0.0093651963
     1633.0500000000         0.0095311925
     1636.8200000000         0.0096290270
     1640.5900000000         0.0096545303
     1644.3700000000         0.0096797552
     1648.1600000000         0.0095073078
     1651.9600000000         0.0092968401
     1655.7700000000         0.0091704968
     1659.5900000000         0.0093711047
     1663.4100000000         0.0095701823
     1667.2500000000         0.0093827238
     1671.0900000000         0.0089249099
     1674.9400000000         0.0093332725
     1678.8000000000         0.0097350236
     1682.6700000000         0.0098269572
     1686.5500000000         0.0097973933
     1690.4400000000         0.0095874472
     1694.3400000000         0.0093788477
     1698.2400000000         0.0092349267
     1702.1600000000         0.0091048535
     1706.0800000000         0.0089596622
     1710.0200000000         0.0087736184
     1713.9600000000         0.0085888114
     1717.9100000000         0.0085054394
     1721.8700000000         0.0084584104
     1725.8400000000         0.0084509850
     1729.8200000000         0.0085902698
     1733.8000000000         0.0087285042
     1737.8000000000         0.0087016104
     1741.8100000000         0.0086048786
     1745.8200000000         0.0085546402
     1749.8500000000         0.0086827418
     1753.8800000000         0.0088098431
     1757.9200000000         0.0086665498
     1761.9800000000         0.0084211268
     1766.0400000000         0.0082369782
     1770.1100000000         0.0082273269
     1774.1900000000         0.0082176579
     1778.2800000000         0.0082353875
     1782.3800000000         0.0082596727
     1786.4900000000         0.0083226021
     1790.6100000000         0.0084534707
     1794.7300000000         0.0085833147
     1798.8700000000         0.0085500795
     1803.0200000000         0.0085058296
     1807.1700000000         0.0083399164
     1811.3400000000         0.0080641694
     1815.5200000000         0.0078284442
     1819.7000000000         0.0078651030
     1823.9000000000         0.0079014264
     1828.1000000000         0.0078133466
     1832.3100000000         0.0076816473
     1836.5400000000         0.0075074299
     1840.7700000000         0.0072587715
     1845.0200000000         0.0070125163
     1849.2700000000         0.0069905403
     1853.5300000000         0.0069686421
     1857.8000000000         0.0069891415
     1862.0900000000         0.0070315311
     1866.3800000000         0.0071141128
     1870.6800000000         0.0072815064
     1874.9900000000         0.0074477135
     1879.3200000000         0.0071918922
     1883.6500000000         0.0069372249
     1887.9900000000         0.0067616883
     1892.3400000000         0.0066222642
     1896.7100000000         0.0065895133
     1901.0800000000         0.0067213546
     1905.4600000000         0.0068245130
     1909.8500000000         0.0066918079
     1914.2600000000         0.0065599121
     1918.6700000000         0.0064690993
     1923.0900000000         0.0063869739
     1927.5200000000         0.0063890289
     1931.9700000000         0.0064541413
     1936.4200000000         0.0065203388
     1940.8900000000         0.0065894518
     1945.3600000000         0.0066361353
     1949.8400000000         0.0064328713
     1954.3400000000         0.0062309434
     1958.8400000000         0.0063407989
     1963.3600000000         0.0065030493
     1967.8900000000         0.0066456781
     1972.4200000000         0.0067116846
     1976.9700000000         0.0067193341
     1981.5300000000         0.0065139327
     1986.0900000000         0.0063675167
     1990.6700000000         0.0062899292
     1995.2600000000         0.0062206723
     1999.8600000000         0.0062810280
     2004.4700000000         0.0063409153
     2009.0900000000         0.0062646833
     2013.7200000000         0.0061714607
     2018.3700000000         0.0062116431
     2023.0200000000         0.0063017588
     2027.6800000000         0.0062425835
     2032.3600000000         0.0060742819
     2037.0400000000         0.0060099023
     2041.7400000000         0.0060787490
     2046.4400000000         0.0060841250
     2051.1600000000         0.0059475126
     2055.8900000000         0.0058383527
     2060.6300000000         0.0058440114
     2065.3800000000         0.0058629625
     2070.1400000000         0.0060352222
     2074.9100000000         0.0061002453
     2079.7000000000         0.0058954996
     2084.4900000000         0.0060146195
     2089.3000000000         0.0058904719
     2094.1100000000         0.0057384684
     2098.9400000000         0.0057215965
     2103.7800000000         0.0057349573
     2108.6300000000         0.0057412265
     2113.4900000000         0.0057450621
     2118.3600000000         0.0057556396
     2123.2400000000         0.0057691429
     2128.1400000000         0.0056689838
     2133.0400000000         0.0055060433
     2137.9600000000         0.0054486264
     2142.8900000000         0.0054603168
     2147.8300000000         0.0055058775
     2152.7800000000         0.0055763414
     2157.7400000000         0.0055628964
     2162.7200000000         0.0054822084
     2167.7000000000         0.0054249978
     2172.7000000000         0.0053874459
     2177.7100000000         0.0053389817
     2182.7300000000         0.0052814037
     2187.7600000000         0.0052984329
     2192.8000000000         0.0053762086
     2197.8600000000         0.0053688348
     2202.9300000000         0.0052966825
     2208.0000000000         0.0052003614
     2213.0900000000         0.0050876779
     2218.2000000000         0.0049999692
     2223.3100000000         0.0049272189
     2228.4400000000         0.0049798978
     2233.5700000000         0.0050935145
     2238.7200000000         0.0050656865
     2243.8800000000         0.0049841581
     2249.0500000000         0.0049020881
     2254.2400000000         0.0048202695
     2259.4400000000         0.0048436229
     2264.6400000000         0.0048846966
     2269.8600000000         0.0049261553
     2275.1000000000         0.0049674222
     2280.3400000000         0.0050133048
     2285.6000000000         0.0050383681
     2290.8700000000         0.0049045463
     2296.1500000000         0.0048040664
     2301.4400000000         0.0048208777
     2306.7500000000         0.0048007420
     2312.0600000000         0.0047059562
     2317.3900000000         0.0044695875
     2322.7400000000         0.0040610055
     2328.0900000000         0.0040493282
     2333.4600000000         0.0043257377
     2338.8400000000         0.0043710889
     2344.2300000000         0.0043242592
     2349.6300000000         0.0044225962
     2355.0500000000         0.0045418926
     2360.4800000000         0.0044017378
     2365.9200000000         0.0042925314
     2371.3700000000         0.0043314863
     2376.8400000000         0.0043161153
     2382.3200000000         0.0041946159
     2387.8100000000         0.0041870438
     2393.3200000000         0.0042871437
     2398.8300000000         0.0042657722
     2404.3600000000         0.0041915360
     2409.9100000000         0.0042122914
     2415.4600000000         0.0042502941
     2421.0300000000         0.0043453285
     2426.6100000000         0.0043894742
     2432.2000000000         0.0043097115
     2437.8100000000         0.0043204464
     2443.4300000000         0.0044204346
     2449.0600000000         0.0044255825
     2454.7100000000         0.0043943916
     2460.3700000000         0.0043736082
     2466.0400000000         0.0043439106
     2471.7200000000         0.0042718058
     2477.4200000000         0.0042450046
     2483.1300000000         0.0042788913
     2488.8600000000         0.0041764034
     2494.5900000000         0.0040088384
     2500.3500000000         0.0042136251
     2506.1100000000         0.0043510562
     2511.8900000000         0.0040938766
     2517.6800000000         0.0041333833
     2523.4800000000         0.0040371357
     2529.3000000000         0.0040208809
     2535.1300000000         0.0040356861
     2540.9700000000         0.0039939429
     2546.8300000000         0.0040025460
     2552.7000000000         0.0041210772
     2558.5900000000         0.0041344161
     2564.4800000000         0.0040808539
     2570.3900000000         0.0041619032
     2576.3200000000         0.0042276420
     2582.2600000000         0.0041970592
     2588.2100000000         0.0041651507
     2594.1800000000         0.0041321404
     2600.1600000000         0.0040682061
     2606.1500000000         0.0040064342
     2612.1600000000         0.0039731087
     2618.1800000000         0.0039941901
     2624.2200000000         0.0040633171
     2630.2700000000         0.0041203536
     2636.3300000000         0.0041956040
     2642.4100000000         0.0043424540
     2648.5000000000         0.0044311089
     2654.6100000000         0.0044769063
     2660.7200000000         0.0042798468
     2666.8600000000         0.0041560070
     2673.0100000000         0.0042363191
     2679.1700000000         0.0042622024
     2685.3400000000         0.0042556133
     2691.5300000000         0.0041377652
     2697.7400000000         0.0040940358
     2703.9600000000         0.0041431859
     2710.1900000000         0.0040586218
     2716.4400000000         0.0039696819
     2722.7000000000         0.0039540604
     2728.9800000000         0.0040041707
     2735.2700000000         0.0040769395
     2741.5700000000         0.0038176053
     2747.8900000000         0.0036939085
     2754.2300000000         0.0037291939
     2760.5800000000         0.0037884009
     2766.9400000000         0.0038551865
     2773.3200000000         0.0039321566
     2779.7100000000         0.0038678830
     2786.1200000000         0.0037138406
     2792.5400000000         0.0033719402
     2798.9800000000         0.0033047858
     2805.4300000000         0.0034198563
     2811.9000000000         0.0037285748
     2818.3800000000         0.0039208848
     2824.8800000000         0.0040073157
     2831.3900000000         0.0039186450
     2837.9200000000         0.0038391331
     2844.4600000000         0.0037747505
     2851.0200000000         0.0036949762
     2857.5900000000         0.0037178167
     2864.1800000000         0.0038993198
     2870.7800000000         0.0039310330
     2877.4000000000         0.0039302427
     2884.0300000000         0.0039097797
     2890.6800000000         0.0039045657
     2897.3400000000         0.0039407755
     2904.0200000000         0.0040481840
     2910.7200000000         0.0041378611
     2917.4300000000         0.0040857019
     2924.1500000000         0.0040338580
     2930.8900000000         0.0039850990
     2937.6500000000         0.0039548194
     2944.4200000000         0.0039247070
     2951.2100000000         0.0039017061
     2958.0100000000         0.0039108242
     2964.8300000000         0.0039198394
     2971.6700000000         0.0039249016
     2978.5200000000         0.0039179716
     2985.3800000000         0.0039110482
     2992.2600000000         0.0039067846
     2999.1600000000         0.0039079092
     3006.0800000000         0.0039089848
     3013.0100000000         0.0039081508
     3019.9500000000         0.0039048560
     3026.9100000000         0.0039015440
     3033.8900000000         0.0038963652
     3040.8900000000         0.0038897172
     3047.8900000000         0.0038830747
     3054.9200000000         0.0038816053
     3061.9600000000         0.0038823111
     3069.0200000000         0.0038829702
     3076.1000000000         0.0038770093
     3083.1900000000         0.0038699952
     3090.3000000000         0.0038633628
     3097.4200000000         0.0038653850
     3104.5600000000         0.0038673515
     3111.7200000000         0.0038622599
     3118.8900000000         0.0038350152
     3126.0800000000         0.0038079182
     3133.2800000000         0.0037916051
     3140.5100000000         0.0037880347
     3147.7500000000         0.0037844495
     3155.0000000000         0.0037835606
     3162.2800000000         0.0037838549
     3169.5700000000         0.0037841077
     3176.8700000000         0.0037220391
     3184.2000000000         0.0036564276
     3191.5400000000         0.0036118801
     3198.8900000000         0.0036452932
     3206.2700000000         0.0036784450
     3213.6600000000         0.0036645932
     3221.0700000000         0.0036032835
     3228.4900000000         0.0035423585
     3235.9400000000         0.0035881461
     3243.4000000000         0.0036604984
     3250.8700000000         0.0037285381
     3258.3700000000         0.0037675304
     3265.8800000000         0.0038062048
     3273.4100000000         0.0038195881
     3280.9500000000         0.0038026674
     3288.5200000000         0.0037858256
     3296.1000000000         0.0037682117
     3303.6900000000         0.0037504728
     3311.3100000000         0.0037337265
     3318.9400000000         0.0037214470
     3326.5900000000         0.0037092126
     3334.2600000000         0.0036895883
     3341.9500000000         0.0036641429
     3349.6500000000         0.0036388345
     3357.3800000000         0.0035627298
     3365.1200000000         0.0034847404
     3372.8700000000         0.0034422518
     3380.6500000000         0.0034594133
     3388.4400000000         0.0034764162
     3396.2500000000         0.0034808198
     3404.0800000000         0.0034820610
     3411.9300000000         0.0034822831
     3419.7900000000         0.0034794845
     3427.6800000000         0.0034766684
     3435.5800000000         0.0034800917
     3443.5000000000         0.0034860517
     3451.4400000000         0.0034900801
     3459.3900000000         0.0034856682
     3467.3700000000         0.0034812510
     3475.3600000000         0.0034957563
     3483.3700000000         0.0035193949
     3491.4000000000         0.0035421373
     3499.4500000000         0.0035613659
     3507.5200000000         0.0035804247
     3515.6000000000         0.0035535127
     3523.7100000000         0.0035065147
     3531.8300000000         0.0034815776
     3539.9700000000         0.0035314499
     3548.1300000000         0.0035809302
     3556.3100000000         0.0034866044
     3564.5100000000         0.0033505482
     3572.7300000000         0.0032559708
     3580.9600000000         0.0032433912
     3589.2200000000         0.0032308635
     3597.4900000000         0.0032822592
     3605.7900000000         0.0033399034
     3614.1000000000         0.0033752969
     3622.4300000000         0.0033880260
     3630.7800000000         0.0034013826
     3639.1500000000         0.0034219180
     3647.5400000000         0.0035659226
     3655.9500000000         0.0036070154
     3664.3700000000         0.0036000120
     3672.8200000000         0.0035625664
     3681.2900000000         0.0034647472
     3689.7800000000         0.0033675872
     3698.2800000000         0.0034560666
     3706.8100000000         0.0035489339
     3715.3500000000         0.0035072889
     3723.9200000000         0.0033862540
     3732.5000000000         0.0033630871
     3741.1100000000         0.0035756081
     3749.7300000000         0.0037866263
     3758.3700000000         0.0039074332
     3767.0400000000         0.0040245331
     3775.7200000000         0.0041818130
     3784.4200000000         0.0043591829
     3793.1500000000         0.0045203697
     3801.8900000000         0.0046539432
     3810.6600000000         0.0047438387
     3819.4400000000         0.0043071643
     3828.2500000000         0.0038735578
     3837.0700000000         0.0041425480
     3845.9200000000         0.0045828149
     3854.7800000000         0.0048465836
     3863.6700000000         0.0049609370
     3872.5700000000         0.0048988475
     3881.5000000000         0.0044062403
     3890.4500000000         0.0039728945
     3899.4200000000         0.0045918655
     3908.4100000000         0.0052066655
     3917.4200000000         0.0049278503
     3926.4500000000         0.0044606398
     3935.5000000000         0.0044666380
     3944.5700000000         0.0047753588
     3953.6700000000         0.0046623461
     3962.7800000000         0.0039301706
     3971.9200000000         0.0035587049
     3981.0700000000         0.0045282710
     3990.2500000000         0.0054702209
     3999.4500000000         0.0056532403
     4008.6700000000         0.0058348966
     4017.9100000000         0.0058390144
     4027.1700000000         0.0058133844
     4036.4500000000         0.0057824906
     4045.7600000000         0.0057493933
     4055.0900000000         0.0056755980
     4064.4300000000         0.0055682724
     4073.8000000000         0.0054676649
     4083.1900000000         0.0053765075
     4092.6100000000         0.0052198973
     4102.0400000000         0.0048924000
     4111.5000000000         0.0046852482
     4120.9800000000         0.0051069525
     4130.4700000000         0.0055072620
     4140.0000000000         0.0055564991
     4149.5400000000         0.0056053489
     4159.1100000000         0.0056023188
     4168.6900000000         0.0055966568
     4178.3000000000         0.0055744313
     4187.9400000000         0.0055496925
     4197.5900000000         0.0055459575
     4207.2600000000         0.0055478574
     4216.9600000000         0.0054998621
     4226.6900000000         0.0054326300
     4236.4300000000         0.0054341774
     4246.2000000000         0.0054708375
     4255.9800000000         0.0054242718
     4265.7900000000         0.0053253761
     4275.6300000000         0.0052518551
     4285.4800000000         0.0051972307
     4295.3600000000         0.0050666113
     4305.2600000000         0.0048727356
     4315.1900000000         0.0048002773
     4325.1400000000         0.0048376666
     4335.1100000000         0.0047652530
     4345.1000000000         0.0045892484
     4355.1200000000         0.0047615711
     4365.1600000000         0.0052640387
     4375.2200000000         0.0054465849
     4385.3100000000         0.0053348867
     4395.4200000000         0.0053102081
     4405.5500000000         0.0053602736
     4415.7000000000         0.0054116738
     4425.8800000000         0.0054639974
     4436.0800000000         0.0054923184
     4446.3100000000         0.0055044703
     4456.5600000000         0.0055401768
     4466.8300000000         0.0055888682
     4477.1300000000         0.0056123161
     4487.4500000000         0.0056245332
     4497.8000000000         0.0057749045
     4508.1700000000         0.0059692417
     4518.5600000000         0.0058162287
     4528.9700000000         0.0055902544
     4539.4100000000         0.0055962377
     4549.8800000000         0.0056271697
     4560.3700000000         0.0057552573
     4570.8800000000         0.0058628232
     4581.4200000000         0.0057435855
     4591.9800000000         0.0056555630
     4602.5600000000         0.0056996932
     4613.1800000000         0.0057076397
     4623.8100000000         0.0056318073
     4634.4700000000         0.0055977493
     4645.1500000000         0.0056209834
     4655.8600000000         0.0056594722
     4666.5900000000         0.0057103927
     4677.3500000000         0.0056869909
     4688.1300000000         0.0056294906
     4698.9400000000         0.0055396375
     4709.7700000000         0.0054435348
     4720.6300000000         0.0055260127
     4731.5100000000         0.0056058401
     4742.4200000000         0.0056491243
     4753.3500000000         0.0056702835
     4764.3100000000         0.0056420844
     4775.2900000000         0.0056191185
     4786.3000000000         0.0056017139
     4797.3300000000         0.0055710822
     4808.3900000000         0.0055339243
     4819.4800000000         0.0055398736
     4830.5900000000         0.0055354019
     4841.7200000000         0.0052171517
     4852.8800000000         0.0048974021
     4864.0700000000         0.0045693452
     4875.2800000000         0.0046408223
     4886.5200000000         0.0051563219
     4897.7900000000         0.0053365659
     4909.0800000000         0.0053677354
     4920.3900000000         0.0053186696
     4931.7400000000         0.0052855336
     4943.1100000000         0.0053779827
     4954.5000000000         0.0054192613
     4965.9200000000         0.0053831073
     4977.3700000000         0.0052705971
     4988.8400000000         0.0051165912
     5000.3400000000         0.0049861204
     5011.8700000000         0.0048981919
     5023.4300000000         0.0050127301
     5035.0000000000         0.0050644581
     5046.6100000000         0.0050346050
     5058.2500000000         0.0050882702
     5069.9100000000         0.0051756767
     5081.5900000000         0.0050589959
     5093.3100000000         0.0049837492
     5105.0500000000         0.0050163167
     5116.8200000000         0.0049811541
     5128.6100000000         0.0048973090
     5140.4400000000         0.0048149480
     5152.2900000000         0.0047243750
     5164.1600000000         0.0045973072
     5176.0700000000         0.0045569967
     5188.0000000000         0.0045994185
     5199.9600000000         0.0046935356
     5211.9500000000         0.0047969078
     5223.9600000000         0.0048968927
     5236.0000000000         0.0049838214
     5248.0700000000         0.0050577447
     5260.1700000000         0.0048533268
     5272.3000000000         0.0046950290
     5284.4500000000         0.0049526314
     5296.6300000000         0.0051235915
     5308.8400000000         0.0052224495
     5321.0800000000         0.0049897935
     5333.3500000000         0.0048457999
     5345.6400000000         0.0050258804
     5357.9600000000         0.0050766617
     5370.3200000000         0.0050560138
     5382.7000000000         0.0049921484
     5395.1000000000         0.0049344315
     5407.5400000000         0.0048852819
     5420.0100000000         0.0048974780
     5432.5000000000         0.0049320785
     5445.0200000000         0.0049965666
     5457.5800000000         0.0049813488
     5470.1600000000         0.0049152458
     5482.7700000000         0.0049227830
     5495.4100000000         0.0049109212
     5508.0800000000         0.0048733540
     5520.7700000000         0.0049168766
     5533.5000000000         0.0049649677
     5546.2600000000         0.0049876766
     5559.0400000000         0.0049530114
     5571.8500000000         0.0048948061
     5584.7000000000         0.0048362678
     5597.5700000000         0.0048544193
     5610.4800000000         0.0049218964
     5623.4100000000         0.0048911683
     5636.3800000000         0.0048844917
     5649.3700000000         0.0049024313
     5662.3900000000         0.0048369216
     5675.4500000000         0.0048235273
     5688.5300000000         0.0048881397
     5701.6400000000         0.0048191585
     5714.7900000000         0.0048314249
     5727.9600000000         0.0050136643
     5741.1600000000         0.0049487534
     5754.4000000000         0.0048826099
     5767.6600000000         0.0049035521
     5780.9600000000         0.0048202430
     5794.2900000000         0.0047779591
     5807.6400000000         0.0048677446
     5821.0300000000         0.0049338574
     5834.4500000000         0.0049462039
     5847.9000000000         0.0048611015
     5861.3800000000         0.0048366105
     5874.8900000000         0.0047405632
     5888.4400000000         0.0044996068
     5902.0100000000         0.0046435082
     5915.6100000000         0.0047591105
     5929.2500000000         0.0047644894
     5942.9200000000         0.0047545438
     5956.6200000000         0.0047660680
     5970.3500000000         0.0047989897
     5984.1200000000         0.0047444343
     5997.9100000000         0.0046961191
     6011.7300000000         0.0046651922
     6025.6000000000         0.0047228420
     6039.4800000000         0.0047655357
     6053.4100000000         0.0047891047
     6067.3600000000         0.0047753002
     6081.3500000000         0.0046893852
     6095.3700000000         0.0046262839
     6109.4200000000         0.0046262755
     6123.5000000000         0.0044897306
     6137.6200000000         0.0044501820
     6151.7700000000         0.0044776606
     6165.9500000000         0.0043653194
     6180.1600000000         0.0044322787
     6194.4100000000         0.0045185746
     6208.6900000000         0.0044903406
     6223.0000000000         0.0044078385
     6237.3500000000         0.0043169223
     6251.7300000000         0.0042485758
     6266.1400000000         0.0043655722
     6280.5800000000         0.0044240486
     6295.0600000000         0.0044210181
     6309.5700000000         0.0043436047
     6324.1200000000         0.0043693264
     6338.6900000000         0.0043740114
     6353.3100000000         0.0043611340
     6367.9500000000         0.0043437546
     6382.6300000000         0.0043789218
     6397.3500000000         0.0043715052
     6412.0900000000         0.0043244609
     6426.8800000000         0.0043449434
     6441.6900000000         0.0043283817
     6456.5400000000         0.0043097436
     6471.4200000000         0.0042955261
     6486.3400000000         0.0042305463
     6501.3000000000         0.0042729755
     6516.2800000000         0.0043076100
     6531.3000000000         0.0042734891
     6546.3600000000         0.0041303644
     6561.4500000000         0.0038937891
     6576.5800000000         0.0038914019
     6591.7400000000         0.0041964864
     6606.9300000000         0.0042446149
     6622.1600000000         0.0042373906
     6637.4300000000         0.0042236238
     6652.7300000000         0.0042072530
     6668.0700000000         0.0041435398
     6683.4400000000         0.0041701803
     6698.8500000000         0.0041272882
     6714.2900000000         0.0040694857
     6729.7600000000         0.0041306578
     6745.2800000000         0.0040801172
     6760.8300000000         0.0040729148
     6776.4100000000         0.0040635923
     6792.0400000000         0.0040295091
     6807.6900000000         0.0040357057
     6823.3800000000         0.0040578516
     6839.1100000000         0.0040248642
     6854.8800000000         0.0039849374
     6870.6800000000         0.0040222770
     6886.5200000000         0.0040567736
     6902.4000000000         0.0040495661
     6918.3100000000         0.0040273787
     6934.2600000000         0.0040055281
     6950.2400000000         0.0039934609
     6966.2600000000         0.0040188609
     6982.3200000000         0.0040125297
     6998.4200000000         0.0039750491
     7014.5500000000         0.0039494084
     7030.7200000000         0.0040015662
     7046.9300000000         0.0040144040
     7063.1800000000         0.0039489167
     7079.4600000000         0.0038696462
     7095.7700000000         0.0037955258
     7112.1400000000         0.0037275550
     7128.5300000000         0.0036763081
     7144.9600000000         0.0036646202
     7161.4300000000         0.0036783400
     7177.9400000000         0.0036573808
     7194.4900000000         0.0036233217
     7211.0700000000         0.0036801321
     7227.7000000000         0.0037242272
     7244.3600000000         0.0037416862
     7261.0600000000         0.0037522768
     7277.8000000000         0.0037332233
     7294.5700000000         0.0037143282
     7311.3900000000         0.0037767016
     7328.2500000000         0.0037827126
     7345.1400000000         0.0038022343
     7362.0700000000         0.0038530228
     7379.0400000000         0.0038496242
     7396.0500000000         0.0038062788
     7413.1000000000         0.0038083417
     7430.1900000000         0.0038688155
     7447.3200000000         0.0038691631
     7464.4900000000         0.0038984942
     7481.6900000000         0.0039023939
     7498.9400000000         0.0039127548
     7516.2300000000         0.0039459639
     7533.5500000000         0.0039814822
     7550.9200000000         0.0039998917
     7568.3300000000         0.0039792173
     7585.7700000000         0.0039228857
     7603.2600000000         0.0038684472
     7620.7900000000         0.0038118602
     7638.3600000000         0.0037535981
     7655.9600000000         0.0036705423
     7673.6100000000         0.0035779546
     7691.3000000000         0.0036327681
     7709.0300000000         0.0035766349
     7726.8100000000         0.0035765849
     7744.6200000000         0.0035574581
     7762.4700000000         0.0035677932
     7780.3600000000         0.0035953994
     7798.3000000000         0.0036069029
     7816.2800000000         0.0035909258
     7834.2900000000         0.0035594264
     7852.3600000000         0.0035292981
     7870.4600000000         0.0035695112
     7888.6000000000         0.0035178077
     7906.7900000000         0.0034526703
     7925.0100000000         0.0034475576
     7943.2800000000         0.0034294554
     7961.5900000000         0.0034792360
     7979.9500000000         0.0035209663
     7998.3400000000         0.0035289770
     8016.7800000000         0.0035444845
     8035.2600000000         0.0035476151
     8053.7800000000         0.0035506382
     8072.3500000000         0.0035709699
     8090.9600000000         0.0035349510
     8109.6100000000         0.0035607722
     8128.3000000000         0.0036399399
     8147.0400000000         0.0036718347
     8165.8200000000         0.0036967727
     8184.6500000000         0.0036328556
     8203.5100000000         0.0035738861
     8222.4300000000         0.0035698328
     8241.3800000000         0.0035751208
     8260.3800000000         0.0035923196
     8279.4200000000         0.0035911042
     8298.5100000000         0.0035202983
     8317.6300000000         0.0034454619
     8336.8100000000         0.0034322788
     8356.0300000000         0.0034350825
     8375.2900000000         0.0034194267
     8394.6000000000         0.0033643518
     8413.9500000000         0.0034058909
     8433.3500000000         0.0032790760
     8452.7900000000         0.0032270961
     8472.2700000000         0.0032280982
     8491.8000000000         0.0032507221
     8511.3800000000         0.0031194661
     8531.0000000000         0.0032588609
     8550.6700000000         0.0030361505
     8570.3800000000         0.0033544165
     8590.1400000000         0.0032757549
     8609.9400000000         0.0032992654
     8629.7800000000         0.0034093403
     8649.6700000000         0.0034015835
     8669.6200000000         0.0030729999
     8689.6000000000         0.0033246006
     8709.6300000000         0.0034463585
     8729.7100000000         0.0034532119
     8749.8400000000         0.0033347397
     8770.0000000000         0.0034635831
     8790.2300000000         0.0035210366
     8810.4900000000         0.0034598787
     8830.8000000000         0.0034847672
     8851.1500000000         0.0034322066
     8871.5600000000         0.0032734654
     8892.0100000000         0.0034028683
     8912.5100000000         0.0034428460
     8933.0500000000         0.0033881902
     8953.6500000000         0.0033969814
     8974.2800000000         0.0033994527
     8994.9800000000         0.0033462024
     9015.7100000000         0.0032543226
     9036.4900000000         0.0034063724
     9057.3300000000         0.0035020092
     9078.2000000000         0.0034677295
     9099.1300000000         0.0034450346
     9120.1000000000         0.0035009675
     9141.1300000000         0.0035172976
     9162.2000000000         0.0035006010
     9183.3200000000         0.0035156952
     9204.5000000000         0.0034155035
     9225.7100000000         0.0032552530
     9246.9800000000         0.0032737211
     9268.3000000000         0.0033207487
     9289.6600000000         0.0033013104
     9311.0800000000         0.0033246188
     9332.5400000000         0.0033223105
     9354.0600000000         0.0033007350
     9375.6200000000         0.0032723392
     9397.2300000000         0.0032804667
     9418.9000000000         0.0032700838
     9440.6100000000         0.0032909987
     9462.3700000000         0.0033102797
     9484.1800000000         0.0033386233
     9506.0500000000         0.0032900567
     9527.9600000000         0.0032687269
     9549.9200000000         0.0031387757
     9571.9400000000         0.0032477956
     9594.0000000000         0.0033116525
     9616.1200000000         0.0032804564
     9638.2900000000         0.0032671473
     9660.5100000000         0.0032354984
     9682.7700000000         0.0032648919
     9705.1000000000         0.0032504166
     9727.4700000000         0.0032147225
     9749.8900000000         0.0031949414
     9772.3700000000         0.0032022926
     9794.9000000000         0.0031812913
     9817.4800000000         0.0032231617
     9840.1100000000         0.0032123984
     9862.7900000000         0.0032061900
     9885.5300000000         0.0031929270
     9908.3200000000         0.0031706693
     9931.1600000000         0.0031839157
     9954.0500000000         0.0031861493
     9977.0000000000         0.0031808785
    10000.0000000000         0.0031618695
    10000.0000000000         0.0031618695
    10115.8000000000         0.0031230107
    10232.9400000000         0.0031029244
    10351.4200000000         0.0030444278
    10471.2900000000         0.0030042457
    10592.5400000000         0.0029231322
    10715.2000000000         0.0028691692
    10839.2700000000         0.0027953370
    10964.7800000000         0.0027358294
    11091.7500000000         0.0026970189
    11220.1900000000         0.0026584824
    11350.1000000000         0.0026014133
    11481.5400000000         0.0025840800
    11614.4900000000         0.0025054521
    11748.9800000000         0.0024808417
    11885.0200000000         0.0024013850
    12022.6400000000         0.0023770765
    12161.8600000000         0.0023572764
    12302.6900000000         0.0023074134
    12445.1400000000         0.0022610233
    12589.2500000000         0.0022174099
    12735.0300000000         0.0021807512
    12882.5000000000         0.0021316542
    13031.6600000000         0.0020992588
    13182.5600000000         0.0020518599
    13335.2100000000         0.0020098791
    13489.6300000000         0.0019753359
    13645.8400000000         0.0019291744
    13803.8400000000         0.0019246439
    13963.6800000000         0.0018312124
    14125.3800000000         0.0017956754
    14288.9500000000         0.0017636131
    14454.3900000000         0.0017659448
    14621.7700000000         0.0017361828
    14791.0900000000         0.0017173828
    14962.3600000000         0.0017267760
    15135.6100000000         0.0017249874
    15310.8700000000         0.0017272867
    15488.1700000000         0.0017090619
    15667.5200000000         0.0016533224
    15848.9200000000         0.0015887442
    16032.4500000000         0.0016170444
    16218.1000000000         0.0016110935
    16405.9000000000         0.0015951963
    16595.8600000000         0.0015816567
    16788.0400000000         0.0015336631
    16982.4400000000         0.0015110568
    17179.0900000000         0.0014581776
    17378.0000000000         0.0013859516
    17579.2300000000         0.0013459977
    17782.7900000000         0.0012882150
    17988.7100000000         0.0012326867
    18197.0200000000         0.0011803005
    18407.7100000000         0.0011415030
    18620.8700000000         0.0010967749
    18836.4900000000         0.0010603340
    19054.6200000000         0.0010336018
    19275.2400000000         0.0009955841
    19498.4400000000         0.0009489941
    19724.2300000000         0.0009166815
    19952.6300000000         0.0008902895
    20183.6600000000         0.0008664420
    20417.3800000000         0.0008420044
    20653.8000000000         0.0008157463
    20892.9700000000         0.0007906597
    21134.8800000000         0.0007698259
    21379.6200000000         0.0007518995
    21627.1900000000         0.0007210774
    21877.6200000000         0.0007014372
    22130.9400000000         0.0006790963
    22387.2100000000         0.0006527952
    22646.4400000000         0.0006277353
    22908.6800000000         0.0005601524
    23173.9300000000         0.0005342283
    23442.2800000000         0.0004940999
    23713.7400000000         0.0004633709
    23988.3400000000         0.0004384542
    24266.1100000000         0.0004132681
    24547.0800000000         0.0003796379
    24831.3300000000         0.0003445380
    25118.8700000000         0.0003282980
    25409.7400000000         0.0003250212
    25703.9500000000         0.0003222596
    26001.5900000000         0.0003145114
    26302.6800000000         0.0003045743
    26607.2600000000         0.0002950466
    26915.3400000000         0.0002888314
    27227.0100000000         0.0002845009
    27542.2900000000         0.0002759600
    27861.2200000000         0.0002676522
    28183.8200000000         0.0002584299
    28510.1800000000         0.0002516011
    28840.3200000000         0.0002431670
    29174.2800000000         0.0002359955
    29512.0800000000         0.0002279740
    29853.8200000000         0.0002207611
    30199.5200000000         0.0002140969
    30549.2200000000         0.0002071572
    30902.9400000000         0.0002013587
    31260.7900000000         0.0001960919
    31622.7800000000         0.0001930222
    31988.9600000000         0.0002176780
    32359.3500000000         0.0003313402
    32734.0600000000         0.0005223393
    33113.1100000000         0.0005742277
    33496.5500000000         0.0003878917
    33884.4300000000         0.0002151273
    34276.7700000000         0.0001577039
    34673.6800000000         0.0001461267
    35075.2000000000         0.0001410482
    35481.3600000000         0.0001359241
    35892.1800000000         0.0001307923
    36307.8000000000         0.0001266040
    36728.2300000000         0.0001217428
    37153.5400000000         0.0001170228
    37583.7200000000         0.0001125702
    38018.9300000000         0.0001089434
    38459.1800000000         0.0001056301
    38904.5300000000         0.0001017672
    39354.9900000000         0.0000983364
    39810.7100000000         0.0000945203
    40271.7100000000         0.0000918276
    40738.0400000000         0.0000887107
    41209.7300000000         0.0000860178
    41686.9300000000         0.0000829710
    42169.6500000000         0.0000804605
    42657.9600000000         0.0000781693
    43151.8800000000         0.0000712406
    43651.5700000000         0.0000675686
    44157.0400000000         0.0000640748
    44668.3700000000         0.0000618480
    45185.6200000000         0.0000604215
    45708.8000000000         0.0000598063
    46238.1000000000         0.0000585675
    46773.5200000000         0.0000580192
    47315.1500000000         0.0000574655
    47862.9900000000         0.0000565961
    48417.2300000000         0.0000561037
    48977.8900000000         0.0000552192
    49545.0400000000         0.0000545002
    50118.7000000000         0.0000538721
    50699.0600000000         0.0000530815
    51286.1400000000         0.0000523950
    51880.0200000000         0.0000518604
    52480.7200000000         0.0000512535
    53088.4300000000         0.0000505038
    53703.1800000000         0.0000500633
    54325.0500000000         0.0000496040
    54954.0600000000         0.0000492344
    55590.4100000000         0.0000489501
    56234.1300000000         0.0000487504
    56885.3100000000         0.0000486354
    57543.9600000000         0.0000486051
    58210.3000000000         0.0000486577
    58884.3600000000         0.0000487917
    59566.2300000000         0.0000490128
    60255.9900000000         0.0000532646
    60953.6700000000         0.0000638319
    61659.5000000000         0.0001058763
    62373.5000000000         0.0001655555
    63095.7600000000         0.0001202461
    63826.3200000000         0.0000768147
    64565.4100000000         0.0000581074
    65313.0600000000         0.0000495952
    66069.3700000000         0.0000522787
    66834.3600000000         0.0000530438
    67608.2900000000         0.0000528045
    68391.1700000000         0.0000505225
    69183.1200000000         0.0000574172
    69984.1600000000         0.0000680831
    70794.5600000000         0.0000614730
    71614.3400000000         0.0000659620
    72443.6200000000         0.0000688128
    73282.4100000000         0.0000786764
    74131.0100000000         0.0000952367
    74989.4200000000         0.0001235102
    75857.7800000000         0.0001485227
    76736.1000000000         0.0001608770
    77624.6900000000         0.0001503747
    78523.5600000000         0.0001429178
    79432.8400000000         0.0001217995
    80352.6500000000         0.0000945919
    81283.0200000000         0.0000790100
    82224.2600000000         0.0000682624
    83176.3900000000         0.0000661532
    84139.5500000000         0.0000656896
    85113.7700000000         0.0000690349
    86099.3700000000         0.0000761460
    87096.3700000000         0.0000689832
    88104.9200000000         0.0000485725
    89125.0500000000         0.0000353292
    90157.1000000000         0.0000278145
    91201.0900000000         0.0000227167
    92257.1700000000         0.0000205571
    93325.3800000000         0.0000203381
    94406.0700000000         0.0000199552
    95499.2700000000         0.0000182104
    96605.1200000000         0.0000195232
    97723.6700000000         0.0000187926
    98855.2800000000         0.0000162185
   100000.0000000000         0.0000146543
   101157.9700000000         0.0000154366
   102329.2400000000         0.0000156271
   103514.1900000000         0.0000157366
   104712.8500000000         0.0000178214
   105925.4000000000         0.0000223071
   107151.9800000000         0.0000221692
   108392.6600000000         0.0000230499
   109647.8100000000         0.0000286085
   110917.5000000000         0.0000393859
   112201.9000000000         0.0000706316
   113501.0400000000         0.0000783308
   114815.3400000000         0.0000538351
   116144.8800000000         0.0000390985
   117489.8000000000         0.0000337485
   118850.1700000000         0.0000339974
   120226.4200000000         0.0000366332
   121618.6100000000         0.0000348481
   123026.9200000000         0.0000377060
   124451.4000000000         0.0000403037
   125892.5200000000         0.0000451525
   127350.3100000000         0.0000573987
   128824.9900000000         0.0000504144
   130316.6100000000         0.0000305955
   131825.6400000000         0.0000272743
   133352.1400000000         0.0000268498
   134896.3300000000         0.0000262978
   136458.2300000000         0.0000269035
   138038.3900000000         0.0000242034
   139636.8300000000         0.0000242387
   141253.7800000000         0.0000245650
   142889.4700000000         0.0000245560
   144543.9200000000         0.0000244947
   146217.7000000000         0.0000244343
   147910.8600000000         0.0000243751
   149623.6200000000         0.0000243163
   151356.0600000000         0.0000242516
   153108.7200000000         0.0000241852
   154881.6900000000         0.0000241197
   156675.1700000000         0.0000240551
   158489.2500000000         0.0000239920
   160324.5200000000         0.0000239229
   162181.0300000000         0.0000238248
   164059.0300000000         0.0000237273
   165958.6100000000         0.0000236309
   167880.3600000000         0.0000235353
   169824.3800000000         0.0000234403
   171790.8900000000         0.0000233393
   173779.9800000000         0.0000232381
   175792.3100000000         0.0000231380
   177827.9400000000         0.0000230388
   179887.1400000000         0.0000229408
   181969.9800000000         0.0000228197
   184077.1400000000         0.0000226955
   186208.7000000000         0.0000225696
   188364.9500000000         0.0000224421
   190545.9500000000         0.0000223153
   192752.4200000000         0.0000221936
   194984.4400000000         0.0000220702
   197242.3100000000         0.0000219452
   199526.3100000000         0.0000218188
